日期,身份別,多方交易口數,多方交易契約金額(百萬元),空方交易口數,空方交易契約金額(百萬元),多空交易口數淨額,多空交易契約金額淨額(百萬元),多方未平倉口數,多方未平倉契約金額(百萬元),空方未平倉口數,空方未平倉契約金額(百萬元),多空未平倉口數淨額,多空未平倉契約金額淨額(百萬元)
2020/6/9,自營商,285213,36136,287780,34759,-2567,1377,395473,66618,392630,50448,2843,16170
2020/6/9,投信,28,37,1056,2437,-1028,-2400,6321,9058,38777,81461,-32456,-72403
2020/6/9,外資及陸資,268103,176930,262778,171976,5325,4954,286002,166714,257620,82664,28382,84050
2020/6/10,自營商,399987,41661,380721,39530,19266,2131,350447,67872,348376,49395,2071,18477
2020/6/10,投信,338,639,840,1710,-502,-1071,6332,9146,39290,83235,-32958,-74089
2020/6/10,外資及陸資,293596,177486,299184,182366,-5588,-4880,277809,167420,256750,87474,21059,79946
2020/6/11,自營商,311655,49793,314070,50835,-2415,-1042,356470,62023,356856,44800,-386,17223
2020/6/11,投信,64,150,3484,7912,-3420,-7762,6238,8869,42616,89370,-36378,-80501
2020/6/11,外資及陸資,333492,259555,346254,254496,-12762,5059,283277,170216,274977,86715,8300,83501
2020/6/12,自營商,289301,48949,306421,47502,-17120,1447,362013,60756,379466,42244,-17453,18512
2020/6/12,投信,9352,17634,9783,20691,-431,-3057,6250,8758,43059,91612,-36809,-82854
2020/6/12,外資及陸資,384281,293558,396839,309456,-12558,-15898,289404,166161,293653,99329,-4249,66832
2020/6/15,自營商,353298,57275,347768,58218,5530,-943,378744,61447,390967,44125,-12223,17322
2020/6/15,投信,22789,46616,24570,49902,-1781,-3286,7709,9300,46299,94183,-38590,-84883
2020/6/15,外資及陸資,478771,394753,475779,387932,2992,6821,303021,164900,299625,92317,3396,72583
2020/6/16,自營商,421520,64810,395011,67842,26509,-3032,408680,61908,394134,47128,14546,14780
2020/6/16,投信,18128,34535,16942,31419,1186,3116,6287,8806,43691,92908,-37404,-84102
2020/6/16,外資及陸資,451687,353034,453759,355083,-2072,-2049,313639,176165,312342,103480,1297,72685
2020/6/17,自營商,477767,60639,466970,65616,10797,-4977,126219,45936,134278,29390,-8059,16546
2020/6/17,投信,850,1231,551,600,299,631,6540,9346,43645,93035,-37105,-83689
2020/6/17,外資及陸資,410471,264022,413872,263464,-3401,558,145507,144617,139830,80070,5677,64547
2020/6/18,自營商,215545,30461,213738,29615,1807,846,159888,49240,166225,31851,-6337,17389
2020/6/18,投信,80,179,88,193,-8,-14,6502,9290,43615,93250,-37113,-83960
2020/6/18,外資及陸資,260955,215518,267325,211887,-6370,3631,156918,147658,157638,79278,-720,68380
2020/6/19,自營商,178375,27393,182488,27900,-4113,-507,170090,51198,180780,34293,-10690,16905
2020/6/19,投信,146,333,124,283,22,50,6524,9355,43615,93364,-37091,-84009
2020/6/19,外資及陸資,236690,182193,245984,187196,-9294,-5003,160442,145015,170453,81606,-10011,63409
2020/6/22,自營商,281557,40092,268825,38251,12732,1841,200318,54219,198299,35455,2019,18764
2020/6/22,投信,427,923,373,852,54,71,6688,9687,43725,93715,-37037,-84028
2020/6/22,外資及陸資,263781,212377,274882,212786,-11101,-409,171523,156788,192623,93741,-21100,63047
2020/6/23,自營商,341761,39517,344133,39183,-2372,334,213211,56486,213794,37347,-583,19139
2020/6/23,投信,685,685,108,247,577,438,7230,10077,43690,93927,-36460,-83850
2020/6/23,外資及陸資,332929,247741,327376,244110,5553,3631,181711,161992,197261,95109,-15550,66883
2020/6/24,自營商,371379,33675,346234,35924,25145,-2249,167833,51166,171894,34142,-4061,17024
2020/6/24,投信,402,806,147,219,255,587,7165,9984,43370,93743,-36205,-83759
2020/6/24,外資及陸資,260209,165929,262668,164999,-2459,930,178032,166576,193380,98377,-15348,68199
2020/6/29,自營商,306140,46132,322552,42674,-16412,3458,194798,52074,215250,31848,-20452,20226
2020/6/29,投信,191,424,1444,3282,-1253,-2858,7288,10120,44746,95577,-37458,-85457
2020/6/29,外資及陸資,286916,242096,298677,249050,-11761,-6954,178308,157827,205414,97476,-27106,60351
2020/6/30,自營商,282024,33718,279797,32975,2227,743,198735,55436,217079,34318,-18344,21118
2020/6/30,投信,1139,2577,108,248,1031,2329,7406,10446,43833,94373,-36427,-83927
2020/6/30,外資及陸資,225713,161961,219379,161630,6334,331,186213,158142,203985,96830,-17772,61312
2020/7/1,自營商,419911,44273,387533,46875,32378,-2602,180697,54347,182230,35732,-1533,18615
2020/7/1,投信,302,531,145,217,157,314,7579,10872,43849,95028,-36270,-84156
2020/7/1,外資及陸資,270999,179871,263156,171128,7843,8743,192468,172762,199283,102403,-6815,70359
2020/7/2,自營商,244325,41444,240832,39996,3493,1448,213507,59378,211479,39049,2028,20329
2020/7/2,投信,908,2120,30,70,878,2050,7566,10985,42958,94187,-35392,-83202
2020/7/2,外資及陸資,233106,179975,226896,169374,6210,10601,211729,182007,212331,100065,-602,81942
2020/7/3,自營商,286420,39503,275953,42014,10467,-2511,235427,58788,222823,40703,12604,18085
2020/7/3,投信,734,1717,214,506,520,1211,7665,11335,42537,94313,-34872,-82978
2020/7/3,外資及陸資,273112,197691,268388,188014,4724,9677,214721,187026,215246,94427,-525,92599
2020/7/6,自營商,378987,43830,384872,46103,-5885,-2273,263400,60333,256750,44175,6650,16158
2020/7/6,投信,1612,3813,74,179,1538,3634,7769,11758,41103,92717,-33334,-80959
2020/7/6,外資及陸資,250787,169722,256911,184546,-6124,-14824,220058,187868,226599,108359,-6541,79509
2020/7/7,自營商,427497,58162,422568,56532,4929,1630,277998,59551,266266,41751,11732,17800
2020/7/7,投信,26,30,16,7,10,23,7778,11742,41102,92425,-33324,-80683
2020/7/7,外資及陸資,378387,248218,383394,248424,-5007,-206,223205,186202,234801,107218,-11596,78984
2020/7/8,自營商,443112,49730,415895,48177,27217,1553,200143,60147,203986,40729,-3843,19418
2020/7/8,投信,2112,4251,93,85,2019,4166,8094,11882,39399,89052,-31305,-77170
2020/7/8,外資及陸資,310769,200214,319156,205139,-8387,-4925,208819,185302,221666,110420,-12847,74882
2020/7/9,自營商,189841,43748,203510,40114,-13669,3634,213005,62353,230501,39279,-17496,23074
2020/7/9,投信,830,1949,57,70,773,1879,8092,11911,38624,87345,-30532,-75434
2020/7/9,外資及陸資,262007,209445,260456,210532,1551,-1087,216147,183178,227443,109203,-11296,73975
2020/7/10,自營商,279018,50740,281699,55567,-2681,-4827,229337,61525,249630,43396,-20293,18129
2020/7/10,投信,9110,19369,9664,21628,-554,-2259,8735,12148,39821,88888,-31086,-76740
2020/7/10,外資及陸資,336510,278338,328732,265434,7778,12904,226234,188683,229752,102715,-3518,85968
2020/7/13,自營商,264430,48381,256262,43832,8168,4549,252073,67723,264076,44647,-12003,23076
2020/7/13,投信,22300,50773,21557,48404,743,2369,8818,12472,39161,88190,-30343,-75718
2020/7/13,外資及陸資,314691,260176,325232,273752,-10541,-13576,222845,179721,236925,106039,-14080,73682
2020/7/14,自營商,343318,75788,351755,73072,-8437,2716,270931,71377,291328,45481,-20397,25896
2020/7/14,投信,16261,31017,16283,30840,-22,177,9004,12821,39369,88362,-30365,-75541
2020/7/14,外資及陸資,434833,349033,444992,355140,-10159,-6107,224475,176578,245714,109047,-21239,67531
2020/7/15,自營商,484750,67229,455063,69684,29687,-2455,142119,51276,161316,35198,-19197,16078
2020/7/15,投信,1367,970,307,578,1060,392,10101,13351,39406,88851,-29305,-75500
2020/7/15,外資及陸資,480949,264021,477806,268346,3143,-4325,128532,146482,140915,89640,-12383,56842
2020/7/16,自營商,219367,40391,241729,36670,-22362,3721,160224,55615,201568,35887,-41344,19728
2020/7/16,投信,209,485,1266,3042,-1057,-2557,10281,13679,40643,91405,-30362,-77726
2020/7/16,外資及陸資,278862,237722,284369,244068,-5507,-6346,138936,144602,156868,94293,-17932,50309
2020/7/17,自營商,244396,35711,229860,37244,14536,-1533,185311,58017,212036,39713,-26725,18304
2020/7/17,投信,282,674,16,9,266,665,10528,14318,40628,91467,-30100,-77149
2020/7/17,外資及陸資,270551,219267,267022,213147,3529,6120,147907,149237,162316,92810,-14409,56427
2020/7/20,自營商,242874,35991,251052,31909,-8178,4082,199578,61659,234427,39300,-34849,22359
2020/7/20,投信,77,123,365,869,-288,-746,10240,13577,40628,91421,-30388,-77844
2020/7/20,外資及陸資,290118,204960,290290,203549,-172,1411,155469,152236,170065,94404,-14596,57832
2020/7/21,自營商,426214,53546,407779,52599,18435,947,230686,66853,246972,42977,-16286,23876
2020/7/21,投信,1290,3169,714,1020,576,2149,10135,13598,39947,90943,-29812,-77345
2020/7/21,外資及陸資,339528,205704,335053,207228,4475,-1524,172621,167478,182739,110075,-10118,57403
2020/7/22,自營商,412764,45187,407002,48799,5762,-3612,170223,60202,199989,39792,-29766,20410
2020/7/22,投信,530,1185,693,1585,-163,-400,10403,14301,40378,92321,-29975,-78020
2020/7/22,外資及陸資,361151,193167,377077,200275,-15926,-7108,156911,167948,186185,117610,-29274,50338
2020/7/23,自營商,219780,49211,245275,41498,-25495,7713,187954,66970,243129,38840,-55175,28130
2020/7/23,投信,15,35,1273,3127,-1258,-3092,10413,14281,41646,95107,-31233,-80826
2020/7/23,外資及陸資,261835,221796,275657,231739,-13822,-9943,158847,160788,198184,120612,-39337,40176
2020/7/24,自營商,344106,61935,337611,64359,6495,-2424,203516,68061,252222,42397,-48706,25664
2020/7/24,投信,118,287,1496,3637,-1378,-3350,10403,14089,43014,97387,-32611,-83298
2020/7/24,外資及陸資,417024,313379,420211,303911,-3187,9468,164391,163664,206915,114563,-42524,49101
2020/7/27,自營商,375234,62144,348696,62340,26538,-196,235810,70915,257751,44414,-21941,26501
2020/7/27,投信,1221,2821,87,217,1134,2604,10547,14636,42024,97781,-31477,-83145
2020/7/27,外資及陸資,445930,338305,435286,324259,10644,14046,169543,170732,204423,106319,-34880,64413
2020/7/28,自營商,694685,99013,701243,103353,-6558,-4340,253339,69881,281706,47720,-28367,22161
2020/7/28,投信,120,292,835,2058,-715,-1766,10611,14767,42803,99393,-32192,-84626
2020/7/28,外資及陸資,710678,486628,715279,495647,-4601,-9019,176479,166517,212980,111206,-36501,55311
2020/7/29,自營商,533750,57857,548352,60343,-14602,-2486,195555,66696,212674,47057,-17119,19639
2020/7/29,投信,47,0,1306,3100,-1259,-3100,10532,14561,43983,102038,-33451,-87477
2020/7/29,外資及陸資,539612,303944,545066,305640,-5454,-1696,169006,172708,207135,119015,-38129,53693
2020/7/30,自營商,216290,43736,223593,41057,-7303,2679,220961,70482,245401,47756,-24440,22726
2020/7/30,投信,109,250,52,114,57,136,10546,14786,43940,103364,-33394,-88578
2020/7/30,外資及陸資,339628,273635,328045,263811,11583,9824,182710,179202,209259,114919,-26549,64283
2020/7/31,自營商,224672,42451,229499,43683,-4827,-1232,229467,70950,258715,49564,-29248,21386
2020/7/31,投信,527,1245,524,291,3,954,10582,14799,43973,102279,-33391,-87480
2020/7/31,外資及陸資,354280,291142,366516,300335,-12236,-9193,184012,179108,222797,124192,-38785,54916
2020/8/3,自營商,257164,46702,288190,40933,-31026,5769,235728,76329,295969,49521,-60241,26808
2020/8/3,投信,15,15,1342,3328,-1327,-3313,10584,14641,45302,104470,-34718,-89829
2020/8/3,外資及陸資,375333,279794,393615,294779,-18282,-14985,188236,171966,241103,132432,-52867,39534
2020/8/4,自營商,340071,43296,317942,44247,22129,-951,247820,78320,285964,52009,-38144,26311
2020/8/4,投信,1150,2841,47,101,1103,2740,10753,15239,44368,103692,-33615,-88453
2020/8/4,外資及陸資,348108,236175,327940,215165,20168,21010,198573,183230,231272,122057,-32699,61173
2020/8/5,自營商,398833,42447,377808,46092,21025,-3645,212193,73260,240568,50220,-28375,23040
2020/8/5,投信,487,1068,113,168,374,900,10728,15264,43969,103605,-33241,-88341
2020/8/5,外資及陸資,325369,202008,319681,199449,5688,2559,193996,189396,221050,125121,-27054,64275
2020/8/6,自營商,273807,51084,276605,50239,-2798,845,245316,77650,276463,53508,-31147,24142
2020/8/6,投信,135,236,97,181,38,55,10706,15282,43909,104234,-33203,-88952
2020/8/6,外資及陸資,329211,268869,333220,268437,-4009,432,204346,190702,235409,125566,-31063,65136
2020/8/7,自營商,202695,38030,215513,36902,-12818,1128,259289,81055,303259,55911,-43970,25144
2020/8/7,投信,15,38,381,972,-366,-934,10689,15141,44258,104492,-33569,-89351
2020/8/7,外資及陸資,298731,232776,309221,234611,-10490,-1835,205198,185769,246751,122623,-41553,63146
2020/8/10,自營商,257469,36469,244495,38828,12974,-2359,280828,79528,311892,56437,-31064,23091
2020/8/10,投信,641,1539,113,224,528,1315,10637,15077,43678,103787,-33041,-88710
2020/8/10,外資及陸資,289870,217906,296141,224285,-6271,-6379,201737,182891,249561,125600,-47824,57291
2020/8/11,自營商,311489,45258,317255,47464,-5766,-2206,290086,79657,326922,58962,-36836,20695
2020/8/11,投信,26,34,606,1510,-580,-1476,10633,14929,44254,104286,-33621,-89357
2020/8/11,外資及陸資,288559,201884,301026,208407,-12467,-6523,197249,176057,257540,125649,-60291,50408
2020/8/12,自營商,463692,69126,506529,66653,-42837,2473,230017,74420,265770,51506,-35753,22914
2020/8/12,投信,105,46,583,1250,-478,-1204,10553,14626,44652,104619,-34099,-89993
2020/8/12,外資及陸資,426568,260362,426790,256749,-222,3613,190890,168846,238975,115034,-48085,53812
2020/8/13,自營商,208811,39072,201787,38554,7024,518,238476,74466,265378,50764,-26902,23702
2020/8/13,投信,4858,12247,3993,10077,865,2170,10437,14349,43671,102682,-33234,-88333
2020/8/13,外資及陸資,273657,225247,272691,224928,966,319,200371,170183,247067,115746,-46696,54437
2020/8/14,自營商,212240,40141,208498,36141,3742,4000,255311,77129,280427,49374,-25116,27755
2020/8/14,投信,7796,18457,6781,15814,1015,2643,10419,14366,42638,100491,-32219,-86125
2020/8/14,外資及陸資,290158,228453,285340,226059,4818,2394,207199,171515,249077,114429,-41878,57086
2020/8/17,自營商,289945,57562,268046,60385,21899,-2823,276830,84073,280012,58696,-3182,25377
2020/8/17,投信,21518,52261,20683,49908,835,2353,10438,14595,41822,99478,-31384,-84883
2020/8/17,外資及陸資,303329,276031,302863,270563,466,5468,206741,178467,250853,115218,-44112,63249
2020/8/18,自營商,341088,84364,362602,81551,-21514,2813,281823,80575,306660,52455,-24837,28120
2020/8/18,投信,17254,35782,17468,36364,-214,-582,10500,14533,42098,99539,-31598,-85006
2020/8/18,外資及陸資,344683,307762,359282,319649,-14599,-11887,199749,167478,256960,116162,-57211,51316
2020/8/19,自營商,455975,80494,457641,80375,-1666,119,154975,65033,173596,36230,-18621,28803
2020/8/19,投信,673,1612,1005,2452,-332,-840,8290,14370,41856,100052,-33566,-85682
2020/8/19,外資及陸資,343981,233129,350885,243381,-6904,-10252,119305,139560,154586,100190,-35281,39370
2020/8/20,自營商,379007,83017,414796,77014,-35789,6003,182957,71373,237328,37453,-54371,33920
2020/8/20,投信,67,163,3806,9239,-3739,-9076,8308,13916,45613,105645,-37305,-91729
2020/8/20,外資及陸資,477437,413740,483997,422076,-6560,-8336,140563,141481,178813,111333,-38250,30148
2020/8/21,自營商,278273,45264,249945,48281,28328,-3017,209132,70840,235026,39241,-25894,31599
2020/8/21,投信,1564,3925,160,388,1404,3537,8365,14352,44266,104439,-35901,-90087
2020/8/21,外資及陸資,372903,294020,342326,269195,30577,24825,164750,151021,172450,95286,-7700,55735
2020/8/24,自營商,240648,39985,226472,42161,14176,-2176,219753,71211,231386,41699,-11633,29512
2020/8/24,投信,271,661,1602,476,-1331,185,8235,14103,45467,104377,-37232,-90274
2020/8/24,外資及陸資,312977,221092,313227,216935,-250,4157,171748,153118,179780,92973,-8032,60145
2020/8/25,自營商,338149,44420,321531,46569,16618,-2149,260142,72299,255174,44642,4968,27657
2020/8/25,投信,745,1896,1200,3,-455,1893,8316,14451,46003,103776,-37687,-89325
2020/8/25,外資及陸資,301874,211151,304469,211312,-2595,-161,176060,160390,186732,99776,-10672,60614
2020/8/26,自營商,354480,36952,345643,37107,8837,-155,184240,68899,188333,41337,-4093,27562
2020/8/26,投信,268,583,154,144,114,439,8202,14368,45775,103677,-37573,-89309
2020/8/26,外資及陸資,252300,165154,247183,159756,5117,5398,160330,162855,170503,96470,-10173,66385
2020/8/27,自營商,237269,43428,244602,43372,-7333,56,204994,69725,216491,42183,-11497,27542
2020/8/27,投信,318,818,13,33,305,785,8192,14310,45460,102584,-37268,-88274
2020/8/27,外資及陸資,279728,224436,277812,224291,1916,145,169442,162751,177699,96379,-8257,66372
2020/8/28,自營商,227866,47276,248888,42885,-21022,4391,203953,72516,236382,40754,-32429,31762
2020/8/28,投信,9,23,1415,3560,-1406,-3537,8157,14179,46831,105488,-38674,-91309
2020/8/28,外資及陸資,322933,272939,334795,283587,-11862,-10648,168606,156658,185362,101235,-16756,55423
2020/8/31,自營商,309709,42037,325198,44446,-15489,-2409,220222,72356,267958,43237,-47736,29119
2020/8/31,投信,329,784,396,989,-67,-205,8457,14778,47198,105568,-38741,-90790
2020/8/31,外資及陸資,375154,260688,384664,269404,-9510,-8716,168914,157167,195237,110750,-26323,46417
2020/9/1,自營商,348616,45053,332036,44103,16580,950,243172,70544,274209,40228,-31037,30316
2020/9/1,投信,435,1104,92,232,343,872,8408,14781,46806,105419,-38398,-90638
2020/9/1,外資及陸資,364970,244638,371981,241568,-7011,3070,174521,162449,207855,112685,-33334,49764
2020/9/2,自營商,407472,50825,425928,49831,-18456,994,193044,69718,230440,38469,-37396,31249
2020/9/2,投信,71,46,405,383,-334,-337,8228,14433,46960,105418,-38732,-90985
2020/9/2,外資及陸資,346071,232895,349321,230960,-3250,1935,164167,159013,194658,107327,-30491,51686
2020/9/3,自營商,268816,45155,260841,47526,7975,-2371,222038,69315,251468,40324,-29430,28991
2020/9/3,投信,372,948,69,176,303,772,8190,14381,46619,104914,-38429,-90533
2020/9/3,外資及陸資,330534,263787,322583,259444,7951,4343,184386,167899,206983,111747,-22597,56152
2020/9/4,自營商,236509,55410,242287,56406,-5778,-996,233362,70359,268799,42661,-35437,27698
2020/9/4,投信,9,23,131,330,-122,-307,8147,14130,46698,104068,-38551,-89938
2020/9/4,外資及陸資,426286,324234,437350,325116,-11064,-882,187531,166241,221336,111480,-33805,54761
2020/9/7,自營商,325986,57190,319482,60575,6504,-3385,245449,69756,274525,45439,-29076,24317
2020/9/7,投信,0,0,326,804,-326,-804,8104,13996,46981,104550,-38877,-90554
2020/9/7,外資及陸資,450445,336970,450544,334380,-99,2590,191049,164390,224953,107047,-33904,57343
2020/9/8,自營商,271710,42860,261537,43034,10173,-174,264764,70531,285442,46204,-20678,24327
2020/9/8,投信,127,283,141,356,-14,-73,8103,14055,46994,105313,-38891,-91258
2020/9/8,外資及陸資,281965,199947,276038,192822,5927,7125,200550,177000,228527,112109,-27977,64891
2020/9/9,自營商,516211,83963,552647,81809,-36436,2154,209750,73359,255040,46913,-45290,26446
2020/9/9,投信,44,80,1832,4564,-1788,-4484,8061,13876,48740,109125,-40679,-95249
2020/9/9,外資及陸資,537232,335281,543020,345134,-5788,-9853,195357,179562,215780,124922,-20423,54640
2020/9/10,自營商,204776,46885,184969,47737,19807,-852,232506,76645,258144,50825,-25638,25820
2020/9/10,投信,3308,8379,3334,8404,-26,-25,8076,14023,48781,110060,-40705,-96037
2020/9/10,外資及陸資,295142,235953,282426,224098,12716,11855,205672,187765,213379,120823,-7707,66942
2020/9/11,自營商,221066,52889,234332,48302,-13266,4587,244722,79514,284028,49142,-39306,30372
2020/9/11,投信,9805,23275,9831,23244,-26,31,8077,13989,48808,109734,-40731,-95745
2020/9/11,外資及陸資,344041,267730,359203,277959,-15162,-10229,209078,186988,231896,130469,-22818,56519
2020/9/14,自營商,275071,68098,260953,65525,14118,2573,256789,92486,282146,59255,-25357,33231
2020/9/14,投信,23376,56506,22551,54179,825,2327,8319,14707,48225,109034,-39906,-94327
2020/9/14,外資及陸資,334481,291318,322501,288488,11980,2830,222833,195042,233650,135248,-10817,59794
2020/9/15,自營商,268177,71691,266759,68607,1418,3084,259488,84450,282066,47936,-22578,36514
2020/9/15,投信,18225,38415,17619,36743,606,1672,8795,15979,48095,109107,-39300,-93128
2020/9/15,外資及陸資,339263,274335,338659,275727,604,-1392,227719,205967,237938,147304,-10219,58663
2020/9/16,自營商,425217,90417,394211,88701,31006,1716,144060,72582,149921,32913,-5861,39669
2020/9/16,投信,1743,4328,537,1354,1206,2974,10348,20134,45647,111185,-35299,-91051
2020/9/16,外資及陸資,400419,254807,397721,239629,2698,15178,122943,170200,136109,102177,-13166,68023
2020/9/17,自營商,201311,41668,228733,34801,-27422,6867,168566,78552,201818,32347,-33252,46205
2020/9/17,投信,927,2374,1886,2054,-959,320,11265,22337,47523,112437,-36258,-90100
2020/9/17,外資及陸資,227893,210365,255567,243552,-27674,-33187,123726,157885,164566,123346,-40840,34539
2020/9/18,自營商,166285,32087,166246,31498,39,589,184736,80620,217899,33771,-33163,46849
2020/9/18,投信,400,1026,403,1034,-3,-8,11209,22229,47470,112454,-36261,-90225
2020/9/18,外資及陸資,245152,210574,255215,217237,-10063,-6663,129275,159461,180178,131507,-50903,27954
2020/9/21,自營商,280747,50492,291628,45738,-10881,4754,195668,85390,239585,34432,-43917,50958
2020/9/21,投信,311,789,1747,4426,-1436,-3637,11362,22316,49059,114955,-37697,-92639
2020/9/21,外資及陸資,313904,257589,342120,283957,-28216,-26368,134174,154612,202235,153082,-68061,1530
2020/9/22,自營商,396794,55596,399727,52438,-2933,3158,219782,87728,266503,34223,-46721,53505
2020/9/22,投信,275,684,2234,5146,-1959,-4462,11586,22608,51242,118612,-39656,-96004
2020/9/22,外資及陸資,442196,309173,459988,314508,-17792,-5335,137779,154878,221262,158690,-83483,-3812
2020/9/23,自營商,448769,43626,451859,48169,-3090,-4543,175680,84525,180915,35308,-5235,49217
2020/9/23,投信,705,490,1997,1726,-1292,-1236,11757,23075,52705,120457,-40948,-97382
2020/9/23,外資及陸資,362878,243766,366269,235941,-3391,7825,129243,149528,202435,145570,-73192,3958
2020/9/24,自營商,316210,52649,328939,51011,-12729,1638,196179,86120,214285,36593,-18106,49527
2020/9/24,投信,716,1447,2728,6215,-2012,-4768,12060,23182,55020,122632,-42960,-99450
2020/9/24,外資及陸資,359937,331420,365691,329007,-5754,2413,133448,144881,212439,138435,-78991,6446
2020/9/25,自營商,277873,42478,281135,45152,-3262,-2674,213027,84072,234397,37132,-21370,46940
2020/9/25,投信,608,265,1239,223,-631,42,12108,23330,55699,122869,-43591,-99539
2020/9/25,外資及陸資,423111,338311,395471,313286,27640,25025,148790,153215,200141,121580,-51351,31635
2020/9/28,自營商,260511,32687,244054,33791,16457,-1104,232073,85508,236985,38787,-4912,46721
2020/9/28,投信,2566,6371,44,107,2522,6264,12461,24620,53530,119690,-41069,-95070
2020/9/28,外資及陸資,274686,202852,269271,205510,5415,-2658,161218,158653,203830,129250,-42612,29403
2020/9/29,自營商,301884,32192,297260,34963,4624,-2771,252357,87395,252699,43407,-342,43988
2020/9/29,投信,410,1007,12,30,398,977,12486,24681,53157,118820,-40671,-94139
2020/9/29,外資及陸資,308546,204868,308384,197759,162,7109,165123,163516,207573,127018,-42450,36498
2020/9/30,自營商,388757,38064,366221,42227,22536,-4163,206637,79900,190390,39721,16247,40179
2020/9/30,投信,792,1951,13,7,779,1944,12505,24829,52397,117425,-39892,-92596
2020/9/30,外資及陸資,340561,217442,327158,201429,13403,16013,158395,174404,194153,121844,-35758,52560
2020/10/5,自營商,225901,31288,234914,28710,-9013,2578,228996,83729,221626,40834,7370,42895
2020/10/5,投信,52,130,13,33,39,97,12506,24940,52359,117846,-39853,-92906
2020/10/5,外資及陸資,237660,193237,246910,204845,-9250,-11608,156765,167974,201758,126751,-44993,41223
2020/10/6,自營商,319390,41808,304320,42519,15070,-711,256726,86332,234293,43699,22433,42633
2020/10/6,投信,1215,3079,0,0,1215,3079,12580,25420,51218,116346,-38638,-90926
2020/10/6,外資及陸資,253477,183866,247956,182016,5521,1850,169001,178100,208464,134414,-39463,43686
2020/10/7,自營商,370822,42021,344708,41367,26114,654,211852,84369,190254,40540,21598,43829
2020/10/7,投信,726,1826,10,0,716,1826,12619,25675,50541,115324,-37922,-89649
2020/10/7,外資及陸資,301044,196931,293388,188101,7656,8830,160274,183872,198142,131132,-37868,52740
2020/10/8,自營商,238267,35374,241022,36175,-2755,-801,235672,87248,216790,43683,18882,43565
2020/10/8,投信,759,1954,0,0,759,1954,12675,26062,49838,114609,-37163,-88547
2020/10/8,外資及陸資,240223,193159,232300,192053,7923,1106,180138,191261,210083,137173,-29945,54088
2020/10/12,自營商,328270,43303,328342,42184,-72,1119,253103,90698,234404,45715,18699,44983
2020/10/12,投信,553,1426,211,543,342,883,12793,26481,49614,114477,-36821,-87996
2020/10/12,外資及陸資,297900,215941,306470,217245,-8570,-1304,180835,190472,219349,137544,-38514,52928
2020/10/13,自營商,303004,40070,321649,38473,-18645,1597,264419,94192,264438,47672,-19,46520
2020/10/13,投信,8,21,625,1614,-617,-1593,12778,26435,50216,115981,-37438,-89546
2020/10/13,外資及陸資,275126,195379,271902,189508,3224,5871,189172,197029,224507,138299,-35335,58730
2020/10/14,自營商,336511,37219,342759,39623,-6248,-2404,225417,91889,215228,47874,10189,44015
2020/10/14,投信,52,108,1347,3448,-1295,-3340,12699,26176,51432,118879,-38733,-92703
2020/10/14,外資及陸資,284846,178981,290354,183625,-5508,-4644,171561,194274,220870,140158,-49309,54116
2020/10/15,自營商,257369,53047,270199,45278,-12830,7769,239178,98951,242753,47330,-3575,51621
2020/10/15,投信,2574,6575,3719,9489,-1145,-2914,12649,25936,52527,121191,-39878,-95255
2020/10/15,外資及陸資,272232,244948,274745,246076,-2513,-1128,179513,193164,231365,140457,-51852,52707
2020/10/16,自營商,248845,45532,250134,47812,-1289,-2280,245676,98895,252308,49938,-6632,48957
2020/10/16,投信,6112,13982,7060,16317,-948,-2335,12614,25667,53440,122572,-40826,-96905
2020/10/16,外資及陸資,298840,255395,304878,262262,-6038,-6867,178297,180661,236187,135023,-57890,45638
2020/10/19,自營商,264882,57561,251831,57154,13051,407,254419,101837,248303,51862,6116,49975
2020/10/19,投信,29924,73276,29106,70962,818,2314,12701,26098,52709,121849,-40008,-95751
2020/10/19,外資及陸資,310296,282097,305304,281125,4992,972,190781,193427,243688,146426,-52907,47001
2020/10/20,自營商,222880,58433,243924,54081,-21044,4352,264417,107497,279380,53387,-14963,54110
2020/10/20,投信,24490,54518,24575,54517,-85,1,12692,25943,52785,121324,-40093,-95381
2020/10/20,外資及陸資,300438,269101,307581,278717,-7143,-9616,193977,192256,253919,154975,-59942,37281
2020/10/21,自營商,356316,65449,333321,70832,22995,-5383,164981,87362,138497,35488,26484,51874
2020/10/21,投信,432,946,986,2495,-554,-1549,12847,26395,51135,123528,-38288,-97133
2020/10/21,外資及陸資,307864,194840,308108,187938,-244,6902,132645,159196,190849,115364,-58204,43832
2020/10/22,自營商,208627,35821,204100,34286,4527,1535,204792,89889,173834,36349,30958,53540
2020/10/22,投信,108,277,1419,54,-1311,223,12953,26722,52552,123848,-39599,-97126
2020/10/22,外資及陸資,239902,205644,232669,193682,7233,11962,153403,175576,204374,119758,-50971,55818
2020/10/23,自營商,182952,27767,191797,26912,-8845,855,215054,91179,192825,36874,22229,54305
2020/10/23,投信,115,295,153,393,-38,-98,12936,26675,52573,123909,-39637,-97234
2020/10/23,外資及陸資,209529,162002,224499,172607,-14970,-10605,150616,167155,216557,121826,-65941,45329
2020/10/26,自營商,220274,34258,209242,39158,11032,-4900,234835,88387,201563,38957,33272,49430
2020/10/26,投信,450,1158,540,1390,-90,-232,13162,27289,52889,124923,-39727,-97634
2020/10/26,外資及陸資,235275,171844,228127,162472,7148,9372,169120,182645,227913,127768,-58793,54877
2020/10/27,自營商,218087,37408,234743,33892,-16656,3516,237838,92213,221191,39460,16647,52753
2020/10/27,投信,83,213,2364,6056,-2281,-5843,11906,23961,53914,127040,-42008,-103079
2020/10/27,外資及陸資,241773,172149,254316,181751,-12543,-9602,167787,178045,235772,133086,-67985,44959
2020/10/28,自營商,276982,39781,304398,40175,-27416,-394,197412,90370,173216,38374,24196,51996
2020/10/28,投信,21,28,1350,3414,-1329,-3386,11857,23715,55194,129657,-43337,-105942
2020/10/28,外資及陸資,240829,155764,242608,156002,-1779,-238,159362,179280,234644,134599,-75282,44681
2020/10/29,自營商,221008,46637,224403,45726,-3395,911,226647,90951,205916,38631,20731,52320
2020/10/29,投信,118,296,1085,2736,-967,-2440,11849,23442,56153,130647,-44304,-107205
2020/10/29,外資及陸資,338037,284298,352057,300445,-14020,-16147,167223,173084,252610,145092,-85387,27992
2020/10/30,自營商,195697,44573,205614,38722,-9917,5851,236886,96868,225945,39470,10941,57398
2020/10/30,投信,13,33,1621,4028,-1608,-3995,11774,22905,57686,132493,-45912,-109588
2020/10/30,外資及陸資,324606,254698,320288,245848,4318,8850,169787,176054,250844,139648,-81057,36406
2020/11/2,自營商,194340,33067,193591,31391,749,1676,241219,97871,229543,38390,11676,59481
2020/11/2,投信,58,145,283,704,-225,-559,11780,23110,57917,134169,-46137,-111059
2020/11/2,外資及陸資,285194,223051,285935,224888,-741,-1837,172661,172363,252464,137274,-79803,35089
2020/11/3,自營商,222765,35341,206092,38551,16673,-3210,259699,99096,230846,42009,28853,57087
2020/11/3,投信,2039,5175,118,298,1921,4877,11936,23815,56152,131493,-44216,-107678
2020/11/3,外資及陸資,248467,181982,242854,171759,5613,10223,183083,184216,257273,138461,-74190,45755
2020/11/4,自營商,484438,62129,463904,57771,20534,4358,211577,101597,173924,38975,37653,62622
2020/11/4,投信,1624,4148,20,26,1604,4122,12259,24982,54871,130073,-42612,-105091
2020/11/4,外資及陸資,435848,280569,428125,273444,7723,7125,176760,194958,245958,141536,-69198,53422
2020/11/5,自營商,232637,39167,225734,40975,6903,-1808,235046,102991,190517,42098,44529,60893
2020/11/5,投信,418,1043,69,172,349,871,12575,25832,54838,130254,-42263,-104422
2020/11/5,外資及陸資,275351,237600,260091,227156,15260,10444,191400,205529,248638,141537,-57238,63992
2020/11/6,自營商,233358,35605,218317,42236,15041,-6631,264283,101878,204675,47426,59608,54452
2020/11/6,投信,728,1884,56,145,672,1739,12768,26423,54359,129484,-41591,-103061
2020/11/6,外資及陸資,267254,208413,243491,196976,23763,11437,207785,216612,251031,140979,-43246,75633
2020/11/9,自營商,352556,51011,350145,50856,2411,155,290149,102683,228165,47294,61984,55389
2020/11/9,投信,2126,5581,20,52,2106,5529,13281,28162,52766,127192,-39485,-99030
2020/11/9,外資及陸資,317211,237320,314713,244431,2498,-7111,225180,228912,265928,159273,-40748,69639
2020/11/10,自營商,412129,59758,420835,57752,-8706,2006,314194,103299,260911,46231,53283,57068
2020/11/10,投信,410,1072,590,1543,-180,-471,13421,28399,53086,127480,-39665,-99081
2020/11/10,外資及陸資,431141,298641,442868,303114,-11727,-4473,220250,219710,272698,154489,-52448,65221
2020/11/11,自營商,536174,59124,491172,54953,45002,4171,249590,107069,201816,44763,47774,62306
2020/11/11,投信,2173,5738,27,45,2146,5693,13724,29603,51243,124447,-37519,-94844
2020/11/11,外資及陸資,371000,240923,375848,246506,-4848,-5583,213759,223586,271236,162742,-57477,60844
2020/11/12,自營商,221304,42463,219832,45486,1472,-3023,259280,100270,210114,41008,49166,59262
2020/11/12,投信,2241,5719,2267,5786,-26,-67,13670,29379,51215,124045,-37545,-94666
2020/11/12,外資及陸資,270647,226301,265651,217980,4996,8321,223078,228034,275565,159279,-52487,68755
2020/11/13,自營商,229665,34582,240628,31273,-10963,3309,264729,100034,223981,37138,40748,62896
2020/11/13,投信,6459,14698,5370,12441,1089,2257,13483,28994,49939,121813,-36456,-92819
2020/11/13,外資及陸資,249488,209118,247613,215230,1875,-6112,229485,231933,280097,169053,-50612,62880
2020/11/16,自營商,386357,62061,373514,60507,12843,1554,284620,105073,231377,39014,53243,66059
2020/11/16,投信,29858,77084,26939,68976,2919,8108,13739,30278,47276,117058,-33537,-86779
2020/11/16,外資及陸資,355925,323399,356591,340440,-666,-17041,247582,234921,298837,187775,-51255,47146
2020/11/17,自營商,390342,76664,409398,69329,-19056,7335,299739,109213,265521,35465,34218,73748
2020/11/17,投信,26747,61846,25586,57817,1161,4029,14187,31599,46563,114756,-32376,-83157
2020/11/17,外資及陸資,478137,392986,474543,404511,3594,-11525,266026,240706,313684,204734,-47658,35972
2020/11/18,自營商,534966,68127,495099,73331,39867,-5204,186662,93654,128402,27138,58260,66516
2020/11/18,投信,1401,3645,146,369,1255,3276,14229,32031,44989,112728,-30760,-80697
2020/11/18,外資及陸資,379600,241936,378217,236120,1383,5816,147368,199900,205034,157365,-57666,42535
2020/11/19,自營商,220853,32460,239036,30907,-18183,1553,207056,95175,166574,27045,40482,68130
2020/11/19,投信,733,1999,153,373,580,1626,14159,31925,44339,111135,-30180,-79210
2020/11/19,外資及陸資,250226,219633,263175,231264,-12949,-11631,152508,193282,222184,161849,-69676,31433
2020/11/20,自營商,213131,25849,220745,26438,-7614,-589,222374,95091,189698,27583,32676,67508
2020/11/20,投信,1212,3328,2,5,1210,3323,14167,31928,43137,107756,-28970,-75828
2020/11/20,外資及陸資,228711,188684,235970,195329,-7259,-6645,157140,187665,234042,162914,-76902,24751
2020/11/23,自營商,295014,36457,305563,35690,-10549,767,238078,98725,214124,29854,23954,68871
2020/11/23,投信,1569,3884,10,28,1559,3856,14575,32923,41986,105677,-27411,-72754
2020/11/23,外資及陸資,239717,181910,247379,200412,-7662,-18502,159613,175431,241749,166808,-82136,8623
2020/11/24,自營商,305324,34694,316930,37614,-11606,-2920,247712,100479,234974,34867,12738,65612
2020/11/24,投信,504,1380,744,387,-240,993,14503,32548,42154,103917,-27651,-71369
2020/11/24,外資及陸資,263253,190733,269635,190843,-6382,-110,159617,174764,248135,166377,-88518,8387
2020/11/25,自營商,524026,52318,529098,57931,-5072,-5613,218512,98599,186511,39118,32001,59481
2020/11/25,投信,1199,3262,162,418,1037,2844,14376,31986,40990,100057,-26614,-68071
2020/11/25,外資及陸資,359076,232596,358655,230236,421,2360,149926,185258,236038,174374,-86112,10884
2020/11/26,自營商,283260,35804,275677,36045,7583,-241,251855,101842,212280,42133,39575,59709
2020/11/26,投信,1944,5213,67,149,1877,5064,14632,32857,39369,96496,-24737,-63639
2020/11/26,外資及陸資,241372,191342,242243,201249,-871,-9907,169542,191017,256525,189895,-86983,1122
2020/11/27,自營商,250447,32736,243740,31127,6707,1609,282746,105992,236443,44593,46303,61399
2020/11/27,投信,199,552,17,47,182,505,14628,32938,39183,96240,-24555,-63302
2020/11/27,外資及陸資,217073,181861,219644,177658,-2571,4203,178229,192578,267783,187199,-89554,5379
2020/11/30,自營商,374376,53674,405601,46522,-31225,7152,291368,110806,277041,43089,14327,67717
2020/11/30,投信,163,452,587,1611,-424,-1159,14584,32441,39563,96168,-24979,-63727
2020/11/30,外資及陸資,357805,265897,371521,281214,-13716,-15317,179897,185713,280404,196066,-100507,-10353
2020/12/1,自營商,338594,35881,340229,38778,-1635,-2897,298299,110501,285694,44903,12605,65598
2020/12/1,投信,1741,4615,55,152,1686,4463,14785,33160,38078,93149,-23293,-59989
2020/12/1,外資及陸資,307523,207635,309264,216150,-1741,-8515,184093,187875,286341,206905,-102248,-19030
2020/12/2,自營商,503114,47137,475105,46357,28009,780,245581,108250,233099,41240,12482,67010
2020/12/2,投信,1201,3021,154,393,1047,2628,14949,33521,37195,91238,-22246,-57717
2020/12/2,外資及陸資,403152,235932,401382,229546,1770,6386,185765,194203,287967,207136,-102202,-12933
2020/12/3,自營商,263457,37572,268525,35874,-5068,1698,263286,111998,255886,43170,7400,68828
2020/12/3,投信,539,1062,68,187,471,875,15232,33931,37007,90886,-21775,-56955
2020/12/3,外資及陸資,287766,246509,290445,246550,-2679,-41,191802,188917,296683,201878,-104881,-12961
2020/12/4,自營商,306999,52531,314036,51770,-7037,761,286948,120717,287121,50436,-173,70281
2020/12/4,投信,1746,4403,686,1912,1060,2491,15495,34537,36210,89629,-20715,-55092
2020/12/4,外資及陸資,283266,229841,286414,234183,-3148,-4342,209094,203490,317123,220792,-108029,-17302
2020/12/7,自營商,375181,47710,373909,43105,1272,4605,303072,127274,302367,51809,705,75465
2020/12/7,投信,611,1290,42,119,569,1171,15786,35137,35932,89413,-20146,-54276
2020/12/7,外資及陸資,385457,252862,405896,269250,-20439,-16388,207497,190831,335966,224936,-128469,-34105
2020/12/8,自營商,408325,45065,393824,45956,14501,-891,326183,131019,311113,55736,15070,75283
2020/12/8,投信,1638,4176,542,1544,1096,2632,16231,36206,35281,88321,-19050,-52115
2020/12/8,外資及陸資,335475,234272,341269,237275,-5794,-3003,215796,191272,350056,228723,-134260,-37451
2020/12/9,自營商,439107,45535,435426,41100,3681,4435,268516,130176,277516,50276,-9000,79900
2020/12/9,投信,1087,2990,484,1262,603,1728,16369,36712,34856,87421,-18487,-50709
2020/12/9,外資及陸資,393598,211499,410886,230026,-17288,-18527,201125,185086,352798,241437,-151673,-56351
2020/12/10,自營商,301378,48477,307178,48549,-5800,-72,301925,134130,316933,55129,-15008,79001
2020/12/10,投信,570,1537,1045,2919,-475,-1382,16579,36869,35541,88387,-18962,-51518
2020/12/10,外資及陸資,375327,295614,378755,295941,-3428,-327,210616,184198,363311,240103,-152695,-55905
2020/12/11,自營商,382688,63134,385477,59587,-2789,3547,308136,138319,325943,55635,-17807,82684
2020/12/11,投信,9230,22151,9351,22421,-121,-270,16410,36339,35493,88132,-19083,-51793
2020/12/11,外資及陸資,521555,380251,522777,381805,-1222,-1554,214160,182787,368077,240135,-153917,-57348
2020/12/14,自營商,281887,50169,281364,46893,523,3276,324752,141438,342068,55813,-17316,85625
2020/12/14,投信,20063,52971,20113,52891,-50,80,16580,36598,35713,88167,-19133,-51569
2020/12/14,外資及陸資,426906,342117,447976,356014,-21070,-13897,207571,171010,382543,242004,-174972,-70994
2020/12/15,自營商,437937,85377,435584,83580,2353,1797,325121,140297,340178,53347,-15057,86950
2020/12/15,投信,19964,46192,20132,46477,-168,-285,17261,38153,36562,89646,-19301,-51493
2020/12/15,外資及陸資,492478,402541,489796,387884,2682,14657,217047,186264,389334,241863,-172287,-55599
2020/12/16,自營商,530733,67395,464408,80155,66325,-12760,193699,107820,150476,32978,43223,74842
2020/12/16,投信,1770,4732,96,238,1674,4494,17762,40098,33864,87869,-16102,-47771
2020/12/16,外資及陸資,365669,238237,365797,233100,-128,5137,94300,144494,284081,204887,-189781,-60393
2020/12/17,自營商,214681,35157,228728,30747,-14047,4410,220445,111029,191315,31836,29130,79193
2020/12/17,投信,115,325,336,952,-221,-627,17573,39554,33896,87934,-16323,-48380
2020/12/17,外資及陸資,269379,224241,287457,240344,-18078,-16103,99698,139579,307527,215978,-207829,-76399
2020/12/18,自營商,173111,20892,156857,22797,16254,-1905,245206,110603,199721,33567,45485,77036
2020/12/18,投信,10,28,78,195,-68,-167,17508,39254,33899,87632,-16391,-48378
2020/12/18,外資及陸資,211593,177432,214437,176698,-2844,734,109484,145691,320157,221116,-210673,-75425
2020/12/21,自營商,344638,40540,339510,38278,5128,2262,260492,113686,209674,33341,50818,80345
2020/12/21,投信,754,2157,1687,252,-933,1905,17664,40179,34988,87251,-17324,-47072
2020/12/21,外資及陸資,327739,267408,329458,259149,-1719,8259,121202,155158,333594,223128,-212392,-67970
2020/12/22,自營商,412295,45909,423671,48080,-11376,-2171,262560,112629,223154,35912,39406,76717
2020/12/22,投信,101,288,1049,2949,-948,-2661,17523,39053,35795,87923,-18272,-48870
2020/12/22,外資及陸資,498100,340936,518781,350841,-20681,-9905,117035,144577,350109,220813,-233074,-76236
2020/12/23,自營商,480166,35498,468697,37218,11469,-1720,228641,111283,183229,35906,45412,75377
2020/12/23,投信,786,2190,68,123,718,2067,17631,39583,35185,86621,-17554,-47038
2020/12/23,外資及陸資,392723,259193,385668,261060,7055,-1867,117231,140229,337866,219105,-220635,-78876
2020/12/24,自營商,212928,26873,208872,27641,4056,-768,250616,111719,198902,36434,51714,75285
2020/12/24,投信,348,991,4,2,344,989,17743,40258,34953,86735,-17210,-46477
2020/12/24,外資及陸資,240607,211828,232786,203466,7821,8362,132135,147608,343405,218547,-211270,-70939
2020/12/25,自營商,215025,30472,224814,26977,-9789,3495,259803,115646,217920,36473,41883,79173
2020/12/25,投信,409,1171,67,192,342,979,17726,40392,34594,86092,-16868,-45700
2020/12/25,外資及陸資,199766,148543,201990,153409,-2224,-4866,137904,145924,351344,222334,-213440,-76410
2020/12/28,自營商,223713,28256,241497,26188,-17784,2068,266386,119479,242326,37488,24060,81991
2020/12/28,投信,670,1865,52,150,618,1715,17775,40897,34025,85305,-16250,-44408
2020/12/28,外資及陸資,184390,138319,190844,146493,-6454,-8174,141119,148043,357335,233684,-216216,-85641
2020/12/29,自營商,285103,33010,297250,30486,-12147,2524,279108,120573,267195,35943,11913,84630
2020/12/29,投信,72,208,57,164,15,44,17788,40988,34023,85421,-16235,-44433
2020/12/29,外資及陸資,258472,168985,262134,170770,-3662,-1785,144664,149694,364613,237149,-219949,-87455
2020/12/30,自營商,419410,34880,378204,39741,41206,-4861,226391,116448,208727,35031,17664,81417
2020/12/30,投信,910,2634,15,12,895,2622,17914,41871,33254,84234,-15340,-42363
2020/12/30,外資及陸資,278661,191831,271840,178681,6821,13150,143994,170355,358268,245498,-214274,-75143
2020/12/31,自營商,205760,34610,223873,29322,-18113,5288,237106,121841,236798,34769,308,87072
2020/12/31,投信,1177,3455,41,115,1136,3340,17934,42063,32138,81201,-14204,-39138
2020/12/31,外資及陸資,254770,197750,266825,209511,-12055,-11761,153344,166075,379686,253446,-226342,-87371
2021/1/4,自營商,344804,56388,333045,52889,11759,3499,271883,128758,259760,36858,12123,91900
2021/1/4,投信,1074,3194,38,113,1036,3081,18106,43148,31274,79725,-13168,-36577
2021/1/4,外資及陸資,341526,269214,340748,273586,778,-4372,167899,168829,393463,262299,-225564,-93470
2021/1/5,自營商,363205,58327,366219,55066,-3014,3261,280552,133714,271238,37785,9314,95929
2021/1/5,投信,140,382,201,599,-61,-217,18113,43437,31342,80489,-13229,-37052
2021/1/5,外資及陸資,403323,309703,406681,311779,-3358,-2076,172745,170736,401667,267314,-228922,-96578
2021/1/6,自營商,827013,107921,844530,108377,-17517,-456,252178,136635,250591,41466,1587,95169
2021/1/6,投信,356,1035,237,680,119,355,18154,43420,31264,79957,-13110,-36537
2021/1/6,外資及陸資,737371,507579,727764,509041,9607,-1462,178108,170625,404181,268148,-226073,-97523
2021/1/7,自營商,352238,73745,349271,69202,2967,4543,283367,142767,279067,41040,4300,101727
2021/1/7,投信,1445,4394,291,884,1154,3510,18208,44517,30164,78325,-11956,-33808
2021/1/7,外資及陸資,432320,370138,413209,372324,19111,-2186,207520,180041,414488,281215,-206968,-101174
2021/1/8,自營商,356387,68633,361281,71903,-4894,-3270,295721,143448,296275,43354,-554,100094
2021/1/8,投信,978,3019,176,539,802,2480,18234,45259,29388,77107,-11154,-31848
2021/1/8,外資及陸資,457979,410829,473521,419976,-15542,-9147,217914,190746,440424,302736,-222510,-111990
2021/1/11,自營商,329944,66539,333062,63816,-3118,2723,313927,150307,317809,46835,-3882,103472
2021/1/11,投信,49,149,1,0,48,149,18257,45569,29363,77443,-11106,-31874
2021/1/11,外資及陸資,443425,394065,446399,403996,-2974,-9931,225459,187586,447505,310727,-222046,-123141
2021/1/12,自營商,419479,70498,420731,71589,-1252,-1091,324785,154377,329810,52065,-5025,102312
2021/1/12,投信,4,12,85,263,-81,-251,18183,45255,29370,77280,-11187,-32025
2021/1/12,外資及陸資,502020,441997,500901,442180,1119,-183,238101,195555,456895,318216,-218794,-122661
2021/1/13,自營商,655860,79237,615952,78219,39908,1018,268895,154634,282545,49392,-13650,105242
2021/1/13,投信,922,2877,130,376,792,2501,18313,46464,28708,76567,-10395,-30103
2021/1/13,外資及陸資,478971,360337,464678,367001,14293,-6664,229937,203838,437838,335287,-207901,-131449
2021/1/14,自營商,218772,60093,246637,57395,-27865,2698,297871,162393,339378,54862,-41507,107531
2021/1/14,投信,1089,3423,1314,4116,-225,-693,18330,46397,28950,77132,-10620,-30735
2021/1/14,外資及陸資,379025,342367,405123,368348,-26098,-25981,228041,186455,458443,343717,-230402,-157262
2021/1/15,自營商,491413,105887,489301,109793,2112,-3906,319764,157304,359572,53926,-39808,103378
2021/1/15,投信,3307,8533,3153,8020,154,513,18269,46041,28735,76080,-10466,-30039
2021/1/15,外資及陸資,727688,678486,726916,663913,772,14573,235124,176955,464733,318641,-229609,-141686
2021/1/18,自營商,469259,96519,473902,91949,-4643,4570,315912,159752,361049,51699,-45137,108053
2021/1/18,投信,20055,56436,20238,56953,-183,-517,18178,45705,28817,76197,-10639,-30492
2021/1/18,外資及陸資,699881,595750,699744,606172,137,-10422,245163,186206,474635,338534,-229472,-152328
2021/1/19,自營商,471764,94812,450631,94770,21133,42,342756,159024,366771,48864,-24015,110160
2021/1/19,投信,21391,55585,20377,52447,1014,3138,18478,47333,28103,75270,-9625,-27937
2021/1/19,外資及陸資,556674,500529,555247,507157,1427,-6628,238977,159854,467016,321605,-228039,-161751
2021/1/20,自營商,625758,116928,637300,117878,-11542,-950,187020,120811,171320,33597,15700,87214
2021/1/20,投信,263,596,735,2292,-472,-1696,18357,46695,26926,76105,-8569,-29410
2021/1/20,外資及陸資,732356,511216,742253,508155,-9897,3061,108672,128290,322890,246118,-214218,-117828
2021/1/21,自營商,413490,80804,421792,77321,-8302,3483,233951,127829,226694,34618,7257,93211
2021/1/21,投信,1612,5182,2897,1286,-1285,3896,18292,47684,28146,73943,-9854,-26259
2021/1/21,外資及陸資,556486,527501,553387,537354,3099,-9853,133140,121965,340661,253192,-207521,-131227
2021/1/22,自營商,259904,58424,277122,57963,-17218,461,252501,130449,262435,37925,-9934,92524
2021/1/22,投信,666,1667,730,2298,-64,-631,18566,47951,28484,74566,-9918,-26615
2021/1/22,外資及陸資,417271,404374,437216,434712,-19945,-30338,140798,118378,365864,278862,-225066,-160484
2021/1/25,自營商,376323,76778,399827,76918,-23504,-140,251916,131282,285486,39508,-33570,91774
2021/1/25,投信,43,137,450,1431,-407,-1294,18422,47260,28747,75044,-10325,-27784
2021/1/25,外資及陸資,559617,463170,561495,469221,-1878,-6051,153105,120659,380049,286148,-226944,-165489
2021/1/26,自營商,537868,94769,538772,96448,-904,-1679,278226,132929,311834,44583,-33608,88346
2021/1/26,投信,16,50,1251,3911,-1235,-3861,18155,45568,29715,76719,-11560,-31151
2021/1/26,外資及陸資,701412,578280,695923,567662,5489,10618,166659,121384,381808,272580,-215149,-151196
2021/1/27,自營商,670602,68338,666825,73094,3777,-4756,225037,128812,241237,45140,-16200,83672
2021/1/27,投信,36,62,167,419,-131,-357,18003,45254,29694,76816,-11691,-31562
2021/1/27,外資及陸資,633653,466137,626370,467131,7283,-994,153655,125047,367192,277559,-213537,-152512
2021/1/28,自營商,345759,79102,346595,80260,-836,-1158,273782,129631,290776,48662,-16994,80969
2021/1/28,投信,91,249,939,2865,-848,-2616,17583,43167,30122,76800,-12539,-33633
2021/1/28,外資及陸資,580318,575855,570799,571753,9519,4102,165994,125256,370027,270434,-204033,-145178
2021/1/29,自營商,433897,90732,439281,93210,-5384,-2478,280552,129447,302985,52547,-22433,76900
2021/1/29,投信,9,2,1159,3475,-1150,-3473,17298,41467,30987,77886,-13689,-36419
2021/1/29,外資及陸資,693742,617607,659362,580797,34380,36810,191768,136976,365042,242552,-173274,-105576
2021/2/1,自營商,418903,75943,407712,73921,11191,2022,307099,132020,318397,51229,-11298,80791
2021/2/1,投信,1369,4181,403,1213,966,2968,17478,42864,30201,77018,-12723,-34154
2021/2/1,外資及陸資,660886,512962,654694,517511,6192,-4549,205773,139782,372789,252468,-167016,-112686
2021/2/2,自營商,515371,89239,494600,90543,20771,-1304,333540,136089,324012,54334,9528,81755
2021/2/2,投信,2314,7179,637,1910,1677,5269,17778,44915,28824,74661,-11046,-29746
2021/2/2,外資及陸資,589766,466669,591838,462663,-2072,4006,213650,146199,382738,257851,-169088,-111652
2021/2/3,自營商,537079,78388,555503,72252,-18424,6136,235114,136698,255346,48788,-20232,87910
2021/2/3,投信,3367,7574,3382,7591,-15,-17,17755,44917,28816,74718,-11061,-29801
2021/2/3,外資及陸資,619326,411198,631552,426293,-12226,-15095,185829,125221,367060,251980,-181231,-126759
2021/2/4,自營商,250867,76816,251797,77589,-930,-773,248329,138452,269484,51789,-21155,86663
2021/2/4,投信,20596,59832,21031,61100,-435,-1268,17757,44572,29253,75485,-11496,-30913
2021/2/4,外資及陸資,449957,475431,460467,473173,-10510,2258,182040,130356,373772,254010,-191732,-123654
2021/2/5,自營商,295968,82844,286002,82098,9966,746,264979,136757,276704,48718,-11725,88039
2021/2/5,投信,18801,48485,18377,47159,424,1326,17746,44683,28818,74490,-11072,-29807
2021/2/5,外資及陸資,450114,476226,452482,480994,-2368,-4768,184179,138371,378282,267691,-194103,-129320
2021/2/17,自營商,555239,99206,520002,101535,35237,-2329,181123,122599,160516,36620,20607,85979
2021/2/17,投信,2476,7824,143,441,2333,7383,18285,48223,24318,71415,-6033,-23192
2021/2/17,外資及陸資,401842,374725,403996,371586,-2154,3139,86246,115999,279284,230828,-193038,-114829
2021/2/18,自營商,274887,54730,293799,55069,-18912,-339,208630,124413,206887,38695,1743,85718
2021/2/18,投信,596,1954,2577,270,-1981,1684,18281,48312,26295,69902,-8014,-21590
2021/2/18,外資及陸資,413300,383189,430642,410728,-17342,-27539,100109,113555,310519,256037,-210410,-142482
2021/2/19,自營商,242338,54119,257719,54725,-15381,-606,223965,126601,237373,42040,-13408,84561
2021/2/19,投信,5,16,375,1221,-370,-1205,18130,47588,26514,70288,-8384,-22700
2021/2/19,外資及陸資,440582,403360,454723,400068,-14141,3292,102649,110156,327209,248437,-224560,-138281
2021/2/22,自營商,342738,62002,341168,60296,1570,1706,252220,129169,264214,42741,-11994,86428
2021/2/22,投信,182,598,16,52,166,546,18280,48253,26498,70521,-8218,-22268
2021/2/22,外資及陸資,501031,404505,514603,420670,-13572,-16165,114981,106176,350416,261138,-235435,-154962
2021/2/23,自營商,355348,63815,357193,64636,-1845,-821,261459,130809,276615,45598,-15156,85211
2021/2/23,投信,232,762,7,23,225,739,18294,48421,26287,70022,-7993,-21601
2021/2/23,外資及陸資,483123,381005,491589,387798,-8466,-6793,118625,109653,362524,271297,-243899,-161644
2021/2/24,自營商,590296,85102,594716,89220,-4420,-4118,225547,126577,224062,46766,1485,79811
2021/2/24,投信,285,58,832,2671,-547,-2613,18402,47165,26942,71053,-8540,-23888
2021/2/24,外資及陸資,698459,505986,723135,511556,-24676,-5570,111575,105533,367446,269703,-255871,-164170
2021/2/25,自營商,275994,67956,266859,64998,9135,2958,255521,131880,244877,48098,10644,83782
2021/2/25,投信,999,3273,40,130,959,3143,18818,49123,26399,70174,-7581,-21051
2021/2/25,外資及陸資,455304,395014,450476,387902,4828,7112,138196,116543,389239,275913,-251043,-159370
2021/2/26,自營商,328830,79505,346574,81532,-17744,-2027,273017,134821,280043,55653,-7026,79168
2021/2/26,投信,176,560,1361,3730,-1185,-3170,18638,47758,27404,71397,-8766,-23639
2021/2/26,外資及陸資,573723,554483,599759,563727,-26036,-9244,134519,112707,408955,276030,-274436,-163323
2021/3/2,自營商,445315,70332,429770,70440,15545,-108,288700,135447,280195,56436,8505,79011
2021/3/2,投信,5,8,248,780,-243,-772,18595,47550,27604,71921,-9009,-24371
2021/3/2,外資及陸資,610210,515907,591744,496394,18466,19513,150854,125260,406857,268683,-256003,-143423
2021/3/3,自營商,580716,67897,563960,68677,16756,-780,249749,135512,239120,55723,10629,79789
2021/3/3,投信,799,2560,122,371,677,2189,18726,48801,27058,71396,-8332,-22595
2021/3/3,外資及陸資,598425,413476,582032,409115,16393,4361,145018,125746,385916,267412,-240898,-141666
2021/3/4,自營商,351396,76534,366290,77942,-14894,-1408,279417,134842,283745,57924,-4328,76918
2021/3/4,投信,49,156,694,2179,-645,-2023,18734,48046,27711,72314,-8977,-24268
2021/3/4,外資及陸資,545261,536421,556785,539116,-11524,-2695,146976,117635,399507,258888,-252531,-141253
2021/3/5,自營商,343538,71124,334520,70591,9018,533,302578,135848,298180,58704,4398,77144
2021/3/5,投信,16,51,532,1685,-516,-1634,18644,47540,28137,73329,-9493,-25789
2021/3/5,外資及陸資,603421,559003,606354,562282,-2933,-3279,151374,118140,404441,261945,-253067,-143805
2021/3/8,自營商,429425,81824,430513,82045,-1088,-221,321060,137571,317648,60877,3412,76694
2021/3/8,投信,8,26,51,161,-43,-135,18595,47274,28131,73168,-9536,-25894
2021/3/8,外資及陸資,650372,551205,643004,534707,7368,16498,158090,123999,403789,250575,-245699,-126576
2021/3/9,自營商,431754,80107,458415,79296,-26661,811,333233,141311,356738,63728,-23505,77583
2021/3/9,投信,366,1158,12,38,354,1120,18753,47770,27935,72550,-9182,-24780
2021/3/9,外資及陸資,660286,502560,652570,513925,7716,-11365,166463,119374,404431,257483,-237968,-138109
2021/3/10,自營商,503466,66466,503760,64985,-294,1481,263062,136667,272178,57380,-9116,79287
2021/3/10,投信,58,90,28,67,30,23,18772,47947,27924,72797,-9152,-24850
2021/3/10,外資及陸資,560437,380420,551075,371596,9362,8824,162357,122102,387910,251788,-225553,-129686
2021/3/11,自營商,274044,68790,264079,65920,9965,2870,277833,137986,275871,54302,1962,83684
2021/3/11,投信,1454,4701,46,142,1408,4559,19109,49914,26853,70644,-7744,-20730
2021/3/11,外資及陸資,422901,379503,428358,399191,-5457,-19688,172216,117861,405627,269960,-233411,-152099
2021/3/12,自營商,218758,56450,218727,51647,31,4803,294001,142012,293841,53211,160,88801
2021/3/12,投信,4335,9877,4321,9806,14,71,19118,50110,26848,70838,-7730,-20728
2021/3/12,外資及陸資,385362,337555,399956,347827,-14594,-10272,170714,111009,418719,274164,-248005,-163155
2021/3/15,自營商,258292,67039,264431,66857,-6139,182,303556,147119,309975,58285,-6419,88834
2021/3/15,投信,20623,62012,20625,61977,-2,35,19120,49932,26852,70600,-7732,-20668
2021/3/15,外資及陸資,471624,400273,487424,406149,-15800,-5876,175203,114319,436518,283206,-261315,-168887
2021/3/16,自營商,354905,85622,323876,89042,31029,-3420,326892,147993,302182,61980,24710,86013
2021/3/16,投信,18267,48302,18015,47529,252,773,19354,50874,26834,70904,-7480,-20030
2021/3/16,外資及陸資,485768,410561,484333,395969,1435,14592,183200,133928,443083,289268,-259883,-155340
2021/3/17,自營商,510585,92160,518600,86981,-8015,5179,176907,124974,161175,36608,15732,88366
2021/3/17,投信,410,1119,505,1428,-95,-309,19225,50180,24350,70573,-5125,-20393
2021/3/17,外資及陸資,416522,271635,450830,301052,-34308,-29417,88630,100406,336486,257726,-247856,-157320
2021/3/18,自營商,276579,52250,275028,55715,1551,-3465,208737,125731,191691,40569,17046,85162
2021/3/18,投信,104,338,1057,192,-953,146,19249,50491,25327,70836,-6078,-20345
2021/3/18,外資及陸資,380487,342535,373521,339550,6966,2985,115562,104826,356455,259880,-240893,-155054
2021/3/19,自營商,299143,66621,336682,66078,-37539,543,208856,128870,229521,44488,-20665,84382
2021/3/19,投信,65,209,575,1841,-510,-1632,18785,48293,25373,69993,-6588,-21700
2021/3/19,外資及陸資,432689,393333,442355,400733,-9666,-7400,122812,103135,373371,263185,-250559,-160050
2021/3/22,自營商,292318,55021,285075,58160,7243,-3139,227815,127829,241306,45988,-13491,81841
2021/3/22,投信,519,1669,64,207,455,1462,18821,48772,24954,69180,-6133,-20408
2021/3/22,外資及陸資,447872,368185,434466,353742,13406,14443,137516,105860,374669,252877,-237153,-147017
2021/3/23,自營商,290505,55781,294789,50335,-4284,5446,239820,133108,257524,45883,-17704,87225
2021/3/23,投信,609,1964,23,74,586,1890,19406,50613,24953,69112,-5547,-18499
2021/3/23,外資及陸資,444720,295226,457908,303172,-13188,-7946,135619,100466,385960,255068,-250341,-154602
2021/3/24,自營商,409769,57701,422798,59360,-13029,-1659,211165,133330,219096,48896,-7931,84434
2021/3/24,投信,8,0,694,2196,-686,-2196,19252,49656,25486,70194,-6234,-20538
2021/3/24,外資及陸資,456996,312731,480634,323412,-23638,-10681,112333,97591,395263,261363,-282930,-163772
2021/3/25,自營商,253672,49580,243290,50292,10382,-712,239380,132769,237007,48623,2373,84146
2021/3/25,投信,75,240,18,52,57,188,19309,49998,25486,70411,-6177,-20413
2021/3/25,外資及陸資,380052,347259,373017,336021,7035,11238,121094,100334,396989,253281,-275895,-152947
2021/3/26,自營商,291152,55034,280378,51628,10774,3406,258876,134270,245763,45225,13113,89045
2021/3/26,投信,1080,3516,2,6,1078,3510,19625,51832,24724,69057,-5099,-17225
2021/3/26,外資及陸資,383178,334748,361747,319462,21431,15286,143140,121463,397604,261639,-254464,-140176
2021/3/29,自營商,299638,52085,303973,53723,-4335,-1638,277959,136966,269204,48914,8755,88052
2021/3/29,投信,141,463,42,138,99,325,19707,52491,24707,69522,-5000,-17031
2021/3/29,外資及陸資,397292,308870,403641,305040,-6349,3830,143919,117794,407432,255235,-263513,-137441
2021/3/30,自營商,291352,45137,303137,46450,-11785,-1313,281059,137870,284131,50555,-3072,87315
2021/3/30,投信,384,1269,117,387,267,882,19666,52704,24399,68970,-4733,-16266
2021/3/30,外資及陸資,348181,265521,340890,259357,7291,6164,150939,123955,407161,256366,-256222,-132411
2021/3/31,自營商,347931,49902,347978,51327,-47,-1425,215959,137155,239214,51831,-23255,85324
2021/3/31,投信,46,128,424,1355,-378,-1227,19506,51862,24617,69258,-5111,-17396
2021/3/31,外資及陸資,403877,242488,418553,256325,-14676,-13837,123542,110630,397394,255632,-273852,-145002
2021/4/1,自營商,209596,44889,207107,45737,2489,-848,239891,135230,260859,49953,-20968,85277
2021/4/1,投信,317,1049,159,526,158,523,19446,52076,24399,69079,-4953,-17003
2021/4/1,外資及陸資,328101,286667,323584,277337,4517,9330,139519,118718,408854,255753,-269335,-137035
2021/4/6,自營商,315671,53483,298789,57330,16882,-3847,277118,135666,281245,53300,-4127,82366
2021/4/6,投信,714,2389,3,10,711,2379,19617,53210,23859,68022,-4242,-14812
2021/4/6,外資及陸資,384571,274813,386113,271022,-1542,3791,150178,125196,421076,260230,-270898,-135034
2021/4/7,自營商,311131,49783,326959,46729,-15828,3054,232128,139134,265916,53463,-33788,85671
2021/4/7,投信,339,222,199,643,140,-421,19522,53004,23602,68202,-4080,-15198
2021/4/7,外資及陸資,371489,217723,373373,232984,-1884,-15261,137605,107364,417381,258281,-279776,-150917
2021/4/8,自營商,267177,47660,255371,47700,11806,-40,269624,143376,291666,56997,-22042,86379
2021/4/8,投信,717,1534,13,35,704,1499,19638,53886,23014,67730,-3376,-13844
2021/4/8,外資及陸資,342487,266532,346505,267118,-4018,-586,148693,110972,432487,264234,-283794,-153262
2021/4/9,自營商,257575,45218,269213,48527,-11638,-3309,278211,143233,311884,60559,-33673,82674
2021/4/9,投信,93,312,46,155,47,157,19697,53794,23026,67415,-3329,-13621
2021/4/9,外資及陸資,377571,255291,404507,272107,-26936,-16816,145824,98350,456554,267015,-310730,-168665
2021/4/12,自營商,297392,52643,305284,53867,-7892,-1224,288766,143270,330331,61994,-41565,81276
2021/4/12,投信,32,104,53,175,-21,-71,19678,53691,23028,67385,-3350,-13694
2021/4/12,外資及陸資,432469,281456,423441,279886,9028,1570,160941,98080,462623,264818,-301682,-166738
2021/4/13,自營商,480410,80383,469506,78144,10904,2239,308051,148630,338739,65186,-30688,83444
2021/4/13,投信,2,7,568,1908,-566,-1901,19516,53021,23432,68582,-3916,-15561
2021/4/13,外資及陸資,564582,345912,564504,344201,78,1711,164986,102992,466590,267686,-301604,-164694
2021/4/14,自營商,675551,91904,696660,89803,-21109,2101,255115,145429,298377,59431,-43262,85998
2021/4/14,投信,95,297,29,73,66,224,19585,53473,23435,68871,-3850,-15398
2021/4/14,外資及陸資,840534,446943,827669,443200,12865,3743,161615,102111,456012,263961,-294397,-161850
2021/4/15,自營商,296560,62720,296952,60958,-392,1762,277164,147969,320846,59179,-43682,88790
2021/4/15,投信,638,2173,45,152,593,2021,19641,54312,22898,67889,-3257,-13577
2021/4/15,外資及陸資,466012,341617,468687,338665,-2675,2952,170477,105015,467549,265789,-297072,-160774
2021/4/16,自營商,315780,64243,323385,62967,-7605,1276,283493,151375,334657,61210,-51164,90165
2021/4/16,投信,4178,9802,3722,8222,456,1580,19880,55379,22681,67443,-2801,-12064
2021/4/16,外資及陸資,488152,379183,496085,394192,-7933,-15009,174932,107015,477687,283307,-302755,-176292
2021/4/19,自營商,333608,76893,311869,83449,21739,-6556,312021,149817,339809,66024,-27788,83793
2021/4/19,投信,20867,66813,20376,65102,491,1711,20052,56230,22364,66660,-2312,-10430
2021/4/19,外資及陸資,529931,379950,538753,364311,-8822,15639,185349,120709,496926,281908,-311577,-161199
2021/4/20,自營商,333847,84196,348053,80630,-14206,3566,322480,155376,364584,67957,-42104,87419
2021/4/20,投信,17395,47995,17315,47945,80,50,20082,56351,22314,66750,-2232,-10399
2021/4/20,外資及陸資,533258,366611,555341,386034,-22083,-19423,197685,117183,531340,298673,-333655,-181490
2021/4/21,自營商,492318,103295,506170,108826,-13852,-5531,179719,131211,215945,42178,-36226,89033
2021/4/21,投信,146,300,592,1990,-446,-1690,19651,54482,22062,67008,-2411,-12526
2021/4/21,外資及陸資,563814,326213,595277,338144,-31463,-11931,111681,89158,443879,267932,-332198,-178774
2021/4/22,自營商,385599,67960,376906,69992,8693,-2032,233115,136428,260638,49403,-27523,87025
2021/4/22,投信,7,24,245,823,-238,-799,19618,54299,22267,67606,-2649,-13307
2021/4/22,外資及陸資,703877,471057,717978,477187,-14101,-6130,131866,86244,474865,269955,-342999,-183711
2021/4/23,自營商,262198,48230,251731,48127,10467,103,248344,136479,265418,48515,-17074,87964
2021/4/23,投信,286,987,7,24,279,963,19691,55027,22061,67487,-2370,-12460
2021/4/23,外資及陸資,493107,342802,495302,340199,-2195,2603,147666,96256,492860,279883,-345194,-183627
2021/4/26,自營商,340903,53935,332274,55634,8629,-1699,273497,141066,281874,53437,-8377,87629
2021/4/26,投信,885,3097,8,28,877,3069,19925,56690,21418,66289,-1493,-9599
2021/4/26,外資及陸資,480864,325183,494598,329794,-13734,-4611,161871,100020,520799,292025,-358928,-192005
2021/4/27,自營商,323705,53288,341657,50164,-17952,3124,288524,146728,314857,55759,-26333,90969
2021/4/27,投信,37,130,24,84,13,46,19941,56876,21421,66454,-1480,-9578
2021/4/27,外資及陸資,509862,315324,540659,324826,-30797,-9502,161137,99278,550868,300968,-389731,-201690
2021/4/28,自營商,397479,43768,397710,43762,-231,6,224576,143622,258516,52749,-33940,90873
2021/4/28,投信,27,24,12,21,15,3,19958,56748,21423,66298,-1465,-9550
2021/4/28,外資及陸資,456850,247633,474091,260480,-17241,-12847,149828,88286,547674,302571,-397846,-214285
2021/4/29,自營商,275220,58233,276272,56868,-1052,1365,250788,146216,285760,53875,-34972,92341
2021/4/29,投信,43,151,51,179,-8,-28,19968,56909,21441,66505,-1473,-9596
2021/4/29,外資及陸資,468257,375703,474790,370375,-6533,5328,161486,93699,565913,303719,-404427,-210020
2021/5/3,自營商,420254,80624,443926,77449,-23672,3175,272611,151646,331330,57732,-58719,93914
2021/5/3,投信,243,839,703,2425,-460,-1586,20181,56620,22114,67631,-1933,-11011
2021/5/3,外資及陸資,651516,460118,662715,486445,-11199,-26327,169960,92617,586153,323714,-416193,-231097
2021/5/4,自營商,658225,108559,658984,105845,-759,2714,291137,152805,350798,57487,-59661,95318
2021/5/4,投信,125,423,863,2925,-738,-2502,20169,55573,22840,68872,-2671,-13299
2021/5/4,外資及陸資,999795,632737,983191,641750,16604,-9013,189469,93928,584684,329553,-395215,-235625
2021/5/5,自營商,557947,76923,550272,81686,7675,-4763,260452,145611,291060,56311,-30608,89300
2021/5/5,投信,11,17,707,2360,-696,-2343,19979,54386,23346,69884,-3367,-15498
2021/5/5,外資及陸資,833288,494327,812969,481313,20319,13014,175036,89695,543936,308650,-368900,-218955
2021/5/6,自營商,379406,78586,373479,78034,5927,552,288318,148274,312104,57379,-23786,90895
2021/5/6,投信,448,1512,37,126,411,1386,20112,55417,23068,69700,-2956,-14283
2021/5/6,外資及陸資,721808,524741,705635,501093,16173,23648,191521,103152,544248,301610,-352727,-198458
2021/5/7,自營商,342040,64564,346084,63737,-4044,827,296212,149628,323397,56192,-27185,93436
2021/5/7,投信,1009,3485,15,52,994,3433,20449,57668,22411,68811,-1962,-11143
2021/5/7,外資及陸資,555625,399562,570300,406050,-14675,-6488,195204,104410,562621,313667,-367417,-209257
2021/5/10,自營商,291739,58045,314123,55815,-22384,2230,312261,149928,361722,55066,-49461,94862
2021/5/10,投信,55,189,66,228,-11,-39,20493,57603,22466,68749,-1973,-11146
2021/5/10,外資及陸資,571331,376158,593746,389170,-22415,-13012,199091,104798,588926,325609,-389835,-220811
2021/5/11,自營商,701380,120224,706228,113613,-4848,6611,340713,155534,395016,57926,-54303,97608
2021/5/11,投信,29,91,2486,8231,-2457,-8140,19695,52757,24125,71596,-4430,-18839
2021/5/11,外資及陸資,1101062,695833,1085887,681373,15175,14460,210212,115162,583779,312565,-373567,-197403
2021/5/12,自營商,848991,189529,876449,186859,-27458,2670,289059,146438,310093,52381,-21034,94057
2021/5/12,投信,207,623,2207,6932,-2000,-6309,19651,49941,26081,74053,-6430,-24112
2021/5/12,外資及陸資,1499016,1144338,1460274,1106598,38742,37740,211141,126316,544895,275249,-333754,-148933
2021/5/13,自營商,343863,101544,322882,105014,20981,-3470,305831,144242,306596,54511,-765,89731
2021/5/13,投信,461,1427,190,589,271,838,19531,49153,25690,72221,-6159,-23068
2021/5/13,外資及陸資,948061,804955,920853,791502,27208,13453,227471,124934,536603,258195,-309132,-133261
2021/5/14,自營商,324850,77802,296477,82615,28373,-4813,329349,143235,300836,57099,28513,86136
2021/5/14,投信,4873,11262,4254,9286,619,1976,19702,50341,25242,71726,-5540,-21385
2021/5/14,外資及陸資,992111,791231,961356,765826,30755,25405,240639,135430,521734,244317,-281095,-108887
2021/5/17,自營商,375807,120899,383498,119016,-7691,1883,331820,139425,312921,53727,18899,85698
2021/5/17,投信,22307,64193,23852,68843,-1545,-4650,19623,48445,26708,73762,-7085,-25317
2021/5/17,外資及陸資,1024675,794566,1011221,790761,13454,3805,251763,127164,519534,228421,-267771,-101257
2021/5/18,自營商,461208,118032,421719,120227,39489,-2195,369525,141586,312162,53199,57363,88387
2021/5/18,投信,19320,51052,16295,41319,3025,9733,20309,53350,24369,70441,-4060,-17091
2021/5/18,外資及陸資,847040,700968,847850,713479,-810,-12511,263890,145426,532498,265458,-268608,-120032
2021/5/19,自營商,494584,91845,482532,90951,12052,894,207489,124238,140377,30559,67112,93679
2021/5/19,投信,179,369,180,380,-1,-11,20312,53118,24373,70154,-4061,-17036
2021/5/19,外資及陸資,876959,500490,884729,506916,-7770,-6426,120350,94045,390330,218105,-269980,-124060
2021/5/20,自營商,169739,43383,166989,40721,2750,2662,232778,128324,162904,32376,69874,95948
2021/5/20,投信,0,0,797,2093,-797,-2093,19854,51950,24712,71026,-4858,-19076
2021/5/20,外資及陸資,668894,526333,667926,524448,968,1885,132076,96374,401034,217670,-268958,-121296
2021/5/21,自營商,222457,52011,218895,52067,3562,-56,244902,131712,171431,34085,73471,97627
2021/5/21,投信,1015,3299,16,52,999,3247,20085,53592,23944,69771,-3859,-16179
2021/5/21,外資及陸資,647711,527278,657131,535520,-9420,-8242,142259,97385,420655,229656,-278396,-132271
2021/5/24,自營商,192289,34153,199615,34457,-7326,-304,255261,132328,189384,34922,65877,97406
2021/5/24,投信,286,932,0,0,286,932,20159,53917,23732,69194,-3573,-15277
2021/5/24,外資及陸資,616734,425492,627765,437366,-11031,-11874,153158,98012,442630,242562,-289472,-144550
2021/5/25,自營商,296182,47685,275586,53466,20596,-5781,281400,132319,194625,38961,86775,93358
2021/5/25,投信,932,3091,0,0,932,3091,20426,55793,23068,68248,-2642,-12455
2021/5/25,外資及陸資,681517,420755,682375,415002,-858,5753,168119,100957,458437,242036,-290318,-141079
2021/5/26,自營商,321305,35879,333381,34874,-12076,1005,240389,132272,176191,37680,64198,94592
2021/5/26,投信,180,571,7,3,173,568,20595,56440,23064,68349,-2469,-11909
2021/5/26,外資及陸資,598471,315899,597035,318090,1436,-2191,162534,100880,461266,244375,-298732,-143495
2021/5/27,自營商,189682,35631,189446,36477,236,-846,258940,131688,195681,38364,63259,93324
2021/5/27,投信,156,506,241,797,-85,-291,20723,56570,23277,68707,-2554,-12137
2021/5/27,外資及陸資,516600,399382,521423,403241,-4823,-3859,164382,95711,467955,242559,-303573,-146848
2021/5/28,自營商,202666,37375,201833,40783,833,-3408,272925,132635,208635,40803,64290,91832
2021/5/28,投信,1055,3558,47,158,1008,3400,20965,58494,22511,67482,-1546,-8988
2021/5/28,外資及陸資,500444,366913,513374,369949,-12930,-3036,173727,102438,490227,255978,-316500,-153540
2021/5/31,自營商,283779,49146,286071,51674,-2292,-2528,280021,134713,217992,44444,62029,90269
2021/5/31,投信,357,1214,50,170,307,1044,21045,59275,22284,67299,-1239,-8024
2021/5/31,外資及陸資,612563,420267,625370,424570,-12807,-4303,180729,102023,510052,261877,-329323,-159854
2021/6/1,自營商,246887,43504,250474,42665,-3587,839,295925,142139,237461,50481,58464,91658
2021/6/1,投信,1086,3722,58,196,1028,3526,21762,62138,21973,66697,-211,-4559
2021/6/1,外資及陸資,516764,305873,519357,308675,-2593,-2802,190065,109419,521981,273584,-331916,-164165
2021/6/2,自營商,369351,49122,368819,53428,532,-4306,251329,140172,214783,53199,36546,86973
2021/6/2,投信,790,2680,66,202,724,2478,22489,64507,21976,66589,513,-2082
2021/6/2,外資及陸資,622571,338670,644160,339718,-21589,-1048,183262,107407,537638,272183,-354376,-164776
2021/6/3,自營商,188030,45892,194838,43791,-6808,2101,258724,142864,229011,53124,29713,89740
2021/6/3,投信,815,2804,305,1047,510,1757,22999,66699,21976,67043,1023,-344
2021/6/3,外資及陸資,473682,347170,477463,350411,-3781,-3241,193571,109378,551821,279362,-358250,-169984
2021/6/4,自營商,156166,35859,166917,37076,-10751,-1217,265520,144057,246825,56083,18695,87974
2021/6/4,投信,763,2612,543,1856,220,756,23644,68453,22401,68035,1243,418
2021/6/4,外資及陸資,413173,332682,427661,345220,-14488,-12538,190666,105628,563389,286509,-372723,-180881
2021/6/7,自營商,365628,69866,370288,68498,-4660,1368,274757,147025,260765,57754,13992,89271
2021/6/7,投信,139,475,55,188,84,287,23772,68836,22445,68131,1327,705
2021/6/7,外資及陸資,767434,499566,765205,496719,2229,2847,193061,106145,563540,283396,-370479,-177251
2021/6/8,自營商,247952,35344,247992,39446,-40,-4102,276687,146660,262570,61534,14117,85126
2021/6/8,投信,65,215,13,38,52,177,23827,69006,22448,68126,1379,880
2021/6/8,外資及陸資,438143,299459,440179,302726,-2036,-3267,192092,103426,564622,284280,-372530,-180854
2021/6/9,自營商,368264,55632,381589,56188,-13325,-556,242042,136256,233050,52383,8992,83873
2021/6/9,投信,129,398,661,2217,-532,-1819,23725,68126,22878,69069,847,-943
2021/6/9,外資及陸資,638156,361672,634869,359269,3287,2403,180055,103672,546678,280558,-366623,-176886
2021/6/10,自營商,233185,57910,230480,53874,2705,4036,259713,143592,249144,54572,10569,89020
2021/6/10,投信,3261,6649,2318,3414,943,3235,23978,69804,22188,67524,1790,2280
2021/6/10,外資及陸資,493594,379784,482496,381182,11098,-1398,192268,101312,547787,281536,-355519,-180224
2021/6/11,自營商,208665,62842,203257,65070,5408,-2228,271344,141039,255160,54021,16184,87018
2021/6/11,投信,21315,68459,21068,67810,247,649,24230,70470,22193,67540,2037,2930
2021/6/11,外資及陸資,491152,369558,485934,366743,5218,2815,204092,106184,554402,285190,-350310,-179006
2021/6/15,自營商,262307,66134,250055,71006,12252,-4872,288325,136358,259682,53382,28643,82976
2021/6/15,投信,22853,67191,22197,64979,656,2212,24534,72000,21841,66838,2693,5162
2021/6/15,外資及陸資,631550,430928,635341,439303,-3791,-8375,214151,110294,568276,300641,-354125,-190347
2021/6/16,自營商,368580,87385,346252,86383,22328,1002,159632,112719,123435,29459,36197,83260
2021/6/16,投信,505,1374,146,432,359,942,24839,72797,21842,66709,2997,6088
2021/6/16,外資及陸資,567874,340535,573453,335532,-5579,5003,91468,88360,411136,267355,-319668,-178995
2021/6/17,自營商,180394,37868,191735,32325,-11341,5543,187073,120137,162168,31072,24905,89065
2021/6/17,投信,1904,345,1501,400,403,-55,26739,73356,23339,67310,3400,6046
2021/6/17,外資及陸資,375857,294723,392620,314041,-16763,-19318,105760,93739,442134,293191,-336374,-199452
2021/6/18,自營商,142565,27817,143838,31485,-1273,-3668,197115,118753,173548,33681,23567,85072
2021/6/18,投信,40,58,1537,408,-1497,-350,26757,73154,24854,67490,1903,5664
2021/6/18,外資及陸資,370320,289031,377559,286339,-7239,2692,108390,89919,452000,286329,-343610,-196410
2021/6/21,自營商,288908,62831,301028,63769,-12120,-938,220712,120648,209543,38271,11169,82377
2021/6/21,投信,1037,228,988,3293,49,-3065,27469,71073,25517,68644,1952,2429
2021/6/21,外資及陸資,595291,440021,609112,442439,-13821,-2418,118258,95163,475725,291137,-357467,-195974
2021/6/22,自營商,260479,43953,238863,51586,21616,-7633,242069,121241,208969,46381,33100,74860
2021/6/22,投信,33,112,102,329,-69,-217,27391,71066,25508,68856,1883,2210
2021/6/22,外資及陸資,474818,318577,471183,316183,3635,2394,120139,88922,473992,282658,-353853,-193736
2021/6/23,自營商,459261,64101,423467,65291,35794,-1190,199710,123520,177429,48595,22281,74925
2021/6/23,投信,1083,3717,15,28,1068,3689,27712,73200,24761,67173,2951,6027
2021/6/23,外資及陸資,543743,364798,538683,366453,5060,-1655,118316,92681,467528,290045,-349212,-197364
2021/6/24,自營商,155588,30941,151697,35164,3891,-4223,218868,122574,192732,51785,26136,70789
2021/6/24,投信,85,295,0,0,85,295,27783,73717,24747,67434,3036,6283
2021/6/24,外資及陸資,324559,259940,332344,260280,-7785,-340,123318,96632,480306,296024,-356988,-199392
2021/6/25,自營商,194643,40705,201956,42434,-7313,-1729,225340,120323,206422,50916,18918,69407
2021/6/25,投信,354,1235,174,604,180,631,27765,74010,24549,67102,3216,6908
2021/6/25,外資及陸資,369918,299741,366793,290139,3125,9602,126193,95126,480122,286561,-353929,-191435
2021/6/28,自營商,159059,26919,169223,30662,-10164,-3743,220395,119759,211577,53874,8818,65885
2021/6/28,投信,426,1028,83,289,343,739,27892,74428,24333,66818,3559,7610
2021/6/28,外資及陸資,318773,229055,324954,232803,-6181,-3748,133080,99402,493226,297140,-360146,-197738
2021/6/29,自營商,229867,41012,239760,37671,-9893,3341,232083,119322,233135,50051,-1052,69271
2021/6/29,投信,19,61,50,175,-31,-114,27861,74318,24333,66827,3528,7491
2021/6/29,外資及陸資,491142,317696,501885,316860,-10743,836,139657,103638,510549,300751,-370892,-197113
2021/6/30,自營商,357244,45747,331704,51632,25540,-5885,202637,119148,202113,55293,524,63855
2021/6/30,投信,670,2346,125,123,545,2223,27965,75727,23892,66018,4073,9709
2021/6/30,外資及陸資,445602,265895,440412,261017,5190,4878,142398,109126,508667,304855,-366269,-195729
2021/7/1,自營商,217267,42596,230453,41496,-13186,1100,227703,117013,240383,52266,-12680,64747
2021/7/1,投信,1011,223,395,1240,616,-1017,27794,74995,23105,66431,4689,8564
2021/7/1,外資及陸資,466183,359746,480008,367894,-13825,-8148,145289,106910,525320,311560,-380031,-204650
2021/7/2,自營商,164522,34494,167443,37726,-2921,-3232,235200,117550,250461,56183,-15261,61367
2021/7/2,投信,12,42,1,4,11,38,27803,75015,23103,66391,4700,8624
2021/7/2,外資及陸資,467253,336188,459739,326994,7514,9194,152605,109580,525104,304653,-372499,-195073
2021/7/5,自營商,238025,42960,235295,51716,2730,-8756,250446,117899,262905,64633,-12459,53266
2021/7/5,投信,972,3381,2,7,970,3374,28227,77483,22557,65382,5670,12101
2021/7/5,外資及陸資,499911,340890,501581,333883,-1670,7007,159475,115468,533665,306798,-374190,-191330
2021/7/6,自營商,196541,34247,207622,32593,-11081,1654,256053,116874,279590,61971,-23537,54903
2021/7/6,投信,2047,1071,131,450,1916,621,28143,77100,20557,64439,7586,12661
2021/7/6,外資及陸資,408315,269210,416479,276125,-8164,-6915,158872,112905,541196,310674,-382324,-197769
2021/7/7,自營商,389516,52126,394485,50840,-4969,1286,214704,115491,233167,59402,-18463,56089
2021/7/7,投信,14,11,463,1623,-449,-1612,27913,76072,20776,65046,7137,11026
2021/7/7,外資及陸資,544773,357975,535632,351637,9141,6338,154108,115503,526555,304869,-372447,-189366
2021/7/8,自營商,207445,44102,213098,44643,-5653,-541,238347,116447,263232,61150,-24885,55297
2021/7/8,投信,66,201,21,75,45,126,27954,76141,20772,65002,7182,11139
2021/7/8,外資及陸資,492208,368232,490667,367304,1541,928,158823,113681,529750,302736,-370927,-189055
2021/7/9,自營商,268120,55026,272561,56738,-4441,-1712,243893,114996,272961,61461,-29068,53535
2021/7/9,投信,0,0,381,1344,-381,-1344,27691,74530,20890,64835,6801,9695
2021/7/9,外資及陸資,508868,442570,517521,450121,-8653,-7551,161226,110629,540806,303871,-379580,-193242
2021/7/12,自營商,273660,55214,266386,59002,7274,-3788,259125,116916,280865,66688,-21740,50228
2021/7/12,投信,689,2454,0,0,689,2454,27940,76122,20450,63876,7490,12246
2021/7/12,外資及陸資,511789,376528,503556,372561,8233,3967,169348,109734,540719,300125,-371371,-190391
2021/7/13,自營商,328003,52906,314051,59833,13952,-6927,283545,116900,291106,72885,-7561,44015
2021/7/13,投信,14,48,11,39,3,9,27941,76343,20448,64054,7493,12289
2021/7/13,外資及陸資,526499,334947,520676,329495,5823,5452,174826,117759,540434,301709,-365608,-183950
2021/7/14,自營商,392820,60051,408776,54280,-15956,5771,219351,114358,236306,64188,-16955,50170
2021/7/14,投信,55,172,1251,4443,-1196,-4271,26745,72099,20448,64084,6297,8015
2021/7/14,外資及陸資,639571,354909,637769,351743,1802,3166,169924,116891,532754,296499,-362830,-179608
2021/7/15,自營商,223110,44229,227396,41841,-4286,2388,240682,118431,261921,65825,-21239,52606
2021/7/15,投信,426,1535,83,134,343,1401,26758,72903,20118,63417,6640,9486
2021/7/15,外資及陸資,398428,303984,397131,305468,1297,-1484,173903,115885,535442,299910,-361539,-184025
2021/7/16,自營商,246407,61877,263553,58293,-17146,3584,241487,119601,279670,64134,-38183,55467
2021/7/16,投信,2514,3897,2770,4962,-256,-1065,26720,72180,20336,63819,6384,8361
2021/7/16,外資及陸資,513762,395041,525765,409862,-12003,-14821,179281,117449,552820,316010,-373539,-198561
2021/7/19,自營商,281528,88794,304567,85579,-23039,3215,238844,121312,300231,63267,-61387,58045
2021/7/19,投信,22635,74536,22771,74956,-136,-420,26732,71255,20484,63377,6248,7878
2021/7/19,外資及陸資,574783,463507,577037,474005,-2254,-10498,184237,101975,554690,310269,-370453,-208294
2021/7/20,自營商,417395,94238,425970,98555,-8575,-4317,250380,119641,320337,66331,-69957,53310
2021/7/20,投信,18792,53907,19679,57001,-887,-3094,26497,69255,21136,64567,5361,4688
2021/7/20,外資及陸資,778597,555122,771831,560621,6766,-5499,197349,101927,561075,311499,-363726,-209572
2021/7/21,自營商,549270,109929,552954,108877,-3684,1052,142049,98564,179258,49596,-37209,48968
2021/7/21,投信,449,1278,608,2062,-159,-784,23586,68449,21285,64858,2301,3591
2021/7/21,外資及陸資,841703,468033,842289,463929,-586,4104,89780,81544,404508,277477,-314728,-195933
2021/7/22,自營商,239546,40393,226450,42952,13096,-2559,188851,100751,212978,54068,-24127,46683
2021/7/22,投信,376,1288,16,56,360,1232,23713,69389,21052,64538,2661,4851
2021/7/22,外資及陸資,502680,380718,499122,376615,3558,4103,113824,88990,424973,281659,-311149,-192669
2021/7/23,自營商,174419,37234,185039,39082,-10620,-1848,198809,101663,233571,56766,-34762,44897
2021/7/23,投信,688,2110,283,985,405,1125,23678,68958,20612,62989,3066,5969
2021/7/23,外資及陸資,471456,336212,477579,339892,-6123,-3680,115459,88183,432746,284957,-317287,-196774
2021/7/26,自營商,226131,43338,247685,39186,-21554,4152,204228,105838,260650,57328,-56422,48510
2021/7/26,投信,83,260,996,3377,-913,-3117,23111,66216,20958,63441,2153,2775
2021/7/26,外資及陸資,453566,312963,459859,314499,-6293,-1536,118566,86894,442140,282215,-323574,-195321
2021/7/27,自營商,282177,41044,265763,49303,16414,-8259,221516,102623,261502,62093,-39986,40530
2021/7/27,投信,59,198,124,420,-65,-222,23048,65859,20960,63331,2088,2528
2021/7/27,外資及陸資,555177,361378,544169,356217,11008,5161,126026,87673,438646,276306,-312620,-188633
2021/7/28,自營商,478089,89170,505991,87875,-27902,1295,168586,98910,219237,57502,-50651,41408
2021/7/28,投信,37,86,1779,6003,-1742,-5917,22420,62956,22075,66372,345,-3416
2021/7/28,外資及陸資,1013982,643127,1010954,633177,3028,9950,113647,82954,428244,259592,-314597,-176638
2021/7/29,自營商,212371,42024,198735,41306,13636,718,198280,102389,235023,59687,-36743,42702
2021/7/29,投信,1145,3959,2,7,1143,3952,22787,65539,21299,65078,1488,461
2021/7/29,外資及陸資,456396,392896,446397,374022,9999,18874,127625,98432,432244,260100,-304619,-161668
2021/7/30,自營商,175912,36465,180321,39404,-4409,-2939,197433,96693,238345,57220,-40912,39473
2021/7/30,投信,222,723,447,1535,-225,-812,22782,64923,21519,65278,1263,-355
2021/7/30,外資及陸資,458201,340796,463028,345133,-4827,-4337,128091,91733,437507,255539,-309416,-163806
2021/8/2,自營商,260275,53773,264104,53959,-3829,-186,203538,97835,248125,57841,-44587,39994
2021/8/2,投信,903,3147,0,0,903,3147,23133,67249,20967,64463,2166,2786
2021/8/2,外資及陸資,497547,403081,491249,404109,6298,-1028,137324,100724,440475,268908,-303151,-168184
2021/8/3,自營商,190198,39892,198638,37604,-8440,2288,209858,99517,262841,57238,-52983,42279
2021/8/3,投信,47,157,79,276,-32,-119,23064,67060,20930,64390,2134,2670
2021/8/3,外資及陸資,451169,299280,456610,297531,-5441,1749,134612,99184,443231,265922,-308619,-166738
2021/8/4,自營商,312728,41893,301225,42104,11503,-211,190308,100643,238331,58329,-48023,42314
2021/8/4,投信,424,1424,7,0,417,1424,23257,68037,20706,63931,2551,4106
2021/8/4,外資及陸資,450943,269078,448709,262845,2234,6233,132222,105357,442005,266811,-309783,-161454
2021/8/5,自營商,109012,21444,120045,22669,-11033,-1225,194986,98104,254043,57178,-59057,40926
2021/8/5,投信,184,639,124,413,60,226,23245,67911,20634,63584,2611,4327
2021/8/5,外資及陸資,306588,197228,328457,214709,-21869,-17481,128626,97529,460281,276172,-331655,-178643
2021/8/6,自營商,190481,46715,195173,45901,-4692,814,202517,98341,266188,56868,-63671,41473
2021/8/6,投信,9,8,464,1618,-455,-1610,23116,67035,20951,64314,2165,2721
2021/8/6,外資及陸資,414804,332020,411010,322591,3794,9429,134771,96464,462629,264545,-327858,-168081
2021/8/9,自營商,220379,47476,220645,49531,-266,-2055,214345,97682,278234,58115,-63889,39567
2021/8/9,投信,94,314,493,1715,-399,-1401,23133,66960,21367,65645,1766,1315
2021/8/9,外資及陸資,453229,338168,443231,328111,9998,10057,141463,98983,459336,256305,-317873,-157322
2021/8/10,自營商,259168,44785,265403,45334,-6235,-549,227155,98955,297258,60179,-70103,38776
2021/8/10,投信,26,70,527,1823,-501,-1753,22990,66038,21725,66477,1265,-439
2021/8/10,外資及陸資,449844,279999,448318,288936,1526,-8937,145152,97088,461499,261761,-316347,-164673
2021/8/11,自營商,456090,62878,468004,63738,-11914,-860,195581,95039,254179,57277,-58598,37762
2021/8/11,投信,132,367,337,1130,-205,-763,23006,65571,21946,66770,1060,-1199
2021/8/11,外資及陸資,626687,378264,623719,391400,2968,-13136,141821,88568,454145,265103,-312324,-176535
2021/8/12,自營商,160692,32076,157729,33719,2963,-1643,207766,94175,263447,58287,-55681,35888
2021/8/12,投信,100,328,68,233,32,95,23038,65606,21946,66713,1092,-1107
2021/8/12,外資及陸資,391848,298390,391908,294520,-60,3870,150834,93962,463215,266722,-312381,-172760
2021/8/13,自營商,250313,56430,256920,57381,-6607,-951,211772,95695,274068,60927,-62296,34768
2021/8/13,投信,3409,6602,3767,7842,-358,-1240,22984,64562,22250,66892,734,-2330
2021/8/13,外資及陸資,523831,396659,519007,402823,4824,-6164,157654,91634,464143,267602,-306489,-175968
2021/8/16,自營商,324943,72070,323563,74001,1380,-1931,226340,92160,287309,59470,-60969,32690
2021/8/16,投信,21435,67204,21740,68176,-305,-972,22858,63363,22429,66639,429,-3276
2021/8/16,外資及陸資,693496,481192,675554,458607,17942,22585,168760,99916,457281,252163,-288521,-152247
2021/8/17,自營商,314396,70109,310982,70640,3414,-531,235542,89659,291228,57680,-55686,31979
2021/8/17,投信,20090,55449,20212,56090,-122,-641,22989,62906,22682,66804,307,-3898
2021/8/17,外資及陸資,627918,429487,626168,425200,1750,4287,176992,101699,463754,247672,-286762,-145973
2021/8/18,自營商,582093,99163,569407,95356,12686,3807,152524,78917,151793,33439,731,45478
2021/8/18,投信,1206,3778,359,961,847,2817,23155,64298,22001,65436,1154,-1138
2021/8/18,外資及陸資,856978,493761,846977,495557,10001,-1796,90357,77397,343030,224304,-252673,-146907
2021/8/19,自營商,349227,57307,346755,63924,2472,-6617,193574,76914,190309,39088,3265,37826
2021/8/19,投信,10,33,1425,4486,-1415,-4453,22662,61432,22923,66994,-261,-5562
2021/8/19,外資及陸資,578807,496568,591032,491286,-12225,5282,111815,80719,376710,217951,-264895,-137232
2021/8/20,自營商,353825,62677,350428,63507,3397,-830,210869,78366,204351,41907,6518,36459
2021/8/20,投信,53,101,285,924,-232,-823,22638,60737,23131,67077,-493,-6340
2021/8/20,外資及陸資,657988,602792,651089,588557,6899,14235,120740,81961,378736,203983,-257996,-122022
2021/8/23,自營商,334515,51597,324054,49568,10461,2029,227822,83304,210532,43728,17290,39576
2021/8/23,投信,1571,5239,9,30,1562,5209,23094,64081,22025,65409,1069,-1328
2021/8/23,外資及陸資,498878,373166,492474,373110,6404,56,136904,92211,388523,218142,-251619,-125931
2021/8/24,自營商,260331,34309,254419,37048,5912,-2739,236644,83180,213378,46094,23266,37086
2021/8/24,投信,263,852,0,0,263,852,23207,64833,21875,65312,1332,-479
2021/8/24,外資及陸資,434486,273616,433808,271861,678,1755,142765,95830,393730,220449,-250965,-124619
2021/8/25,自營商,428381,47854,404638,47950,23743,-96,204852,82263,183114,44992,21738,37271
2021/8/25,投信,659,2169,8,3,651,2166,23420,66208,21437,64531,1983,1677
2021/8/25,外資及陸資,450987,286744,454885,283642,-3898,3102,138029,104193,394709,227322,-256680,-123129
2021/8/26,自營商,226352,46214,246825,40749,-20473,5465,209481,84661,208203,41762,1278,42899
2021/8/26,投信,9,23,126,428,-117,-405,23301,65925,21435,64657,1866,1268
2021/8/26,外資及陸資,420096,374216,424613,375006,-4517,-790,139096,93338,400311,217396,-261215,-124058
2021/8/27,自營商,244216,42144,236099,50599,8117,-8455,222279,81765,212727,46914,9552,34851
2021/8/27,投信,630,2164,921,3164,-291,-1000,22470,63756,20895,63479,1575,277
2021/8/27,外資及陸資,400960,353015,392326,340302,8634,12713,145363,99876,397947,212088,-252584,-112212
2021/8/30,自營商,253690,37269,254074,37246,-384,23,229516,83966,216492,47596,13024,36370
2021/8/30,投信,821,2809,5,17,816,2792,22657,64968,20266,61903,2391,3065
2021/8/30,外資及陸資,348599,277356,360883,283951,-12284,-6595,149368,96787,414242,216714,-264874,-119927
2021/8/31,自營商,334947,54702,340876,56138,-5929,-1436,235381,85750,228054,50525,7327,35225
2021/8/31,投信,591,2062,9,28,582,2034,22723,65652,19750,60532,2973,5120
2021/8/31,外資及陸資,467166,353307,466999,352007,167,1300,156973,116448,421698,235537,-264725,-119089
2021/9/1,自營商,360279,53410,373339,52052,-13060,1358,201458,83181,201413,46470,45,36711
2021/9/1,投信,69,217,50,135,19,82,22730,65777,19738,60559,2992,5218
2021/9/1,外資及陸資,507171,328785,519635,337956,-12464,-9171,147878,113366,423834,241371,-275956,-128005
2021/9/2,自營商,249682,47591,249679,48846,3,-1255,226650,81069,226192,45955,458,35114
2021/9/2,投信,4,14,373,1292,-369,-1278,22585,64705,19962,60807,2623,3898
2021/9/2,外資及陸資,424183,363740,423618,348690,565,15050,148683,111343,424044,223303,-275361,-111960
2021/9/3,自營商,251152,44235,237541,46662,13611,-2427,248900,85243,234807,52140,14093,33103
2021/9/3,投信,352,1232,269,595,83,637,22332,64881,19626,60309,2706,4572
2021/9/3,外資及陸資,405790,323191,405309,335822,481,-12631,155489,110151,430378,236287,-274889,-126136
2021/9/6,自營商,288795,46715,271750,48261,17045,-1546,262391,84546,231098,53022,31293,31524
2021/9/6,投信,29,76,256,888,-227,-812,22311,64771,19832,61007,2479,3764
2021/9/6,外資及陸資,520860,373425,514875,360110,5985,13315,164891,114662,433786,226980,-268895,-112318
2021/9/7,自營商,313006,47837,329384,47918,-16378,-81,266167,86340,251218,54986,14949,31354
2021/9/7,投信,7,18,791,2751,-784,-2733,21532,61797,19837,60781,1695,1016
2021/9/7,外資及陸資,438510,318834,439914,316593,-1404,2241,164907,110240,435209,220006,-270302,-109766
2021/9/8,自營商,495383,68912,518092,67733,-22709,1179,242190,81248,207694,48876,34496,32372
2021/9/8,投信,47,107,865,2960,-818,-2853,21257,60241,20380,62089,877,-1848
2021/9/8,外資及陸資,618395,399937,611034,394096,7361,5841,165728,112853,427213,215347,-261485,-102494
2021/9/9,自營商,247574,56644,250827,54213,-3253,2431,248271,83796,216743,49074,31528,34722
2021/9/9,投信,94,207,838,2771,-744,-2564,20513,57598,20380,62007,133,-4409
2021/9/9,外資及陸資,490860,440099,483048,436447,7812,3652,170997,113976,429167,212953,-258170,-98977
2021/9/10,自營商,250528,56643,244866,55639,5662,1004,260824,89240,223685,53042,37139,36198
2021/9/10,投信,3007,5566,2425,3516,582,2050,20597,58678,19882,61098,715,-2420
2021/9/10,外資及陸資,432470,347868,444635,356196,-12165,-8328,178373,120536,448720,229394,-270347,-108858
2021/9/13,自營商,222739,63789,232881,60559,-10142,3230,262862,95685,235694,56422,27168,39263
2021/9/13,投信,19009,61504,19149,61952,-140,-448,20572,58367,19997,61233,575,-2866
2021/9/13,外資及陸資,469711,389179,478555,398614,-8844,-9435,183333,115727,462545,233470,-279212,-117743
2021/9/14,自營商,275009,62343,253211,66095,21798,-3752,287458,92339,238544,56712,48914,35627
2021/9/14,投信,18843,54057,18624,53630,219,427,20680,58731,19887,61189,793,-2458
2021/9/14,外資及陸資,486067,396991,489001,394173,-2934,2818,188035,121715,470202,236316,-282167,-114601
2021/9/15,自營商,439156,88945,449487,88622,-10331,323,161995,81360,117909,31910,44086,49450
2021/9/15,投信,331,820,1330,4534,-999,-3714,19841,55478,20099,61647,-258,-6169
2021/9/15,外資及陸資,523136,351432,525876,343167,-2740,8265,84255,86107,328978,195123,-244723,-109016
2021/9/16,自營商,164116,34976,171880,33070,-7764,1906,185722,83718,149205,32605,36517,51113
2021/9/16,投信,4,14,317,1067,-313,-1053,19749,54923,20320,62119,-571,-7196
2021/9/16,外資及陸資,276400,233485,299504,248050,-23104,-14565,95274,83947,363104,206903,-267830,-122956
2021/9/17,自營商,229490,42779,218625,47591,10865,-4812,200389,84101,152864,37685,47525,46416
2021/9/17,投信,74,256,0,0,74,256,19801,55244,20298,62199,-497,-6955
2021/9/17,外資及陸資,332167,305021,330545,296511,1622,8510,106853,93773,373070,208675,-266217,-114902
2021/9/22,自營商,377683,67390,426006,59473,-48323,7917,184917,89422,145191,36069,39726,53353
2021/9/22,投信,13,17,1974,6646,-1961,-6629,18540,49736,20998,63159,-2458,-13423
2021/9/22,外資及陸資,453268,354725,466875,367973,-13607,-13248,102615,85549,377581,210890,-274966,-125341
2021/9/23,自營商,188172,39364,176330,40011,11842,-647,209514,91036,158288,37871,51226,53165
2021/9/23,投信,481,1643,49,148,432,1495,18672,50711,20698,62785,-2026,-12074
2021/9/23,外資及陸資,308499,290683,311147,284985,-2648,5698,115342,94720,393034,215555,-277692,-120835
2021/9/24,自營商,180858,35773,173945,38405,6913,-2632,222473,90090,164327,38932,58146,51158
2021/9/24,投信,488,1682,39,134,449,1548,18743,51459,20320,62108,-1577,-10649
2021/9/24,外資及陸資,302517,263514,302337,267876,180,-4362,129239,98786,406721,225532,-277482,-126746
2021/9/27,自營商,190965,38429,192576,36671,-1611,1758,235026,94645,178448,41387,56578,53258
2021/9/27,投信,26,90,11,22,15,68,18748,51630,20310,62237,-1562,-10607
2021/9/27,外資及陸資,316683,253329,322200,264573,-5517,-11244,138261,102440,421335,240840,-283074,-138400
2021/9/28,自營商,237991,46841,254280,44775,-16289,2066,243702,96088,203465,41217,40237,54871
2021/9/28,投信,11,38,885,3032,-874,-2994,17996,48688,20432,62214,-2436,-13526
2021/9/28,外資及陸資,354269,276976,359308,270558,-5039,6418,148449,95721,431936,226279,-283487,-130558
2021/9/29,自營商,429344,75497,466581,71816,-37237,3681,207887,98702,175319,41017,32568,57685
2021/9/29,投信,177,567,1507,5025,-1330,-4458,17539,46163,21305,63867,-3766,-17704
2021/9/29,外資及陸資,567109,424758,579148,433047,-12039,-8289,140994,93048,437987,228918,-296993,-135870
2021/9/30,自營商,238780,52248,237165,50764,1615,1484,225398,100886,191121,41478,34277,59408
2021/9/30,投信,539,1824,5,17,534,1807,17746,47132,20978,63136,-3232,-16004
2021/9/30,外資及陸資,394875,386077,389845,378157,5030,7920,159675,101621,451692,230287,-292017,-128666
2021/10/1,自營商,308745,64810,319676,65006,-10931,-196,238938,102469,215276,44478,23662,57991
2021/10/1,投信,169,555,1261,4166,-1092,-3611,17652,45729,21975,64948,-4323,-19219
2021/10/1,外資及陸資,510153,464878,518936,457516,-8783,7362,170296,113530,471081,231484,-300785,-117954
2021/10/4,自營商,311017,58938,324555,60271,-13538,-1333,246821,100851,236728,44688,10093,56163
2021/10/4,投信,184,603,37,118,147,485,17816,45855,21992,64405,-4176,-18550
2021/10/4,外資及陸資,592586,491506,583471,481883,9115,9623,176703,116735,468370,223502,-291667,-106767
2021/10/5,自營商,357134,66163,363860,62694,-6726,3469,260127,103855,256962,44109,3165,59746
2021/10/5,投信,453,1486,27,88,426,1398,18169,47089,21919,64284,-3750,-17195
2021/10/5,外資及陸資,694160,497452,708286,520050,-14126,-22598,185160,105311,490941,235006,-305781,-129695
2021/10/6,自營商,437412,58869,431495,56880,5917,1989,236129,101218,200643,39594,35486,61624
2021/10/6,投信,129,379,113,340,16,39,18182,47035,21917,64159,-3735,-17124
2021/10/6,外資及陸資,569467,386381,558967,371687,10500,14694,177812,111647,475585,226035,-297773,-114388
2021/10/7,自營商,270430,57099,261928,64702,8502,-7603,255324,101400,211398,46169,43926,55231
2021/10/7,投信,1145,3810,7,6,1138,3804,18488,49016,21085,62688,-2597,-13672
2021/10/7,外資及陸資,457365,422764,451600,434285,5765,-11521,190100,111727,482087,240282,-291987,-128555
2021/10/8,自營商,204384,36970,214005,34966,-9621,2004,263659,104858,229302,47918,34357,56940
2021/10/8,投信,10,33,329,1094,-319,-1061,18390,48480,21306,63138,-2916,-14658
2021/10/8,外資及陸資,358980,285801,365273,298665,-6293,-12864,199425,104352,497705,245011,-298280,-140659
2021/10/12,自營商,312692,56554,317610,59095,-4918,-2541,278307,106969,249315,53276,28992,53693
2021/10/12,投信,52,171,620,2036,-568,-1865,18273,47507,21757,63845,-3484,-16338
2021/10/12,外資及陸資,524856,410380,508402,388107,16454,22273,215395,109534,497206,225746,-281811,-116212
2021/10/13,自營商,421539,54479,437937,56181,-16398,-1702,231211,102405,207482,50634,23729,51771
2021/10/13,投信,169,526,290,921,-121,-395,18286,47276,21891,63904,-3605,-16628
2021/10/13,外資及陸資,565584,330716,565255,342471,329,-11755,206512,104638,494733,231493,-288221,-126855
2021/10/14,自營商,185150,39049,186527,38999,-1377,50,237099,101472,215144,49465,21955,52007
2021/10/14,投信,86,283,39,128,47,155,18322,47623,21880,64183,-3558,-16560
2021/10/14,外資及陸資,416066,330103,403564,318352,12502,11751,218220,117091,493939,232888,-275719,-115797
2021/10/15,自營商,263976,59131,247719,53788,16257,5343,251138,106297,212642,47575,38496,58722
2021/10/15,投信,3766,8083,2269,3062,1497,5021,18853,50510,20914,62438,-2061,-11928
2021/10/15,外資及陸資,460219,344621,453371,347002,6848,-2381,229517,118987,498502,240002,-268985,-121015
2021/10/18,自營商,234032,67332,234536,69058,-504,-1726,258103,106924,219586,50200,38517,56724
2021/10/18,投信,20194,62814,20048,62311,146,503,18965,50633,20880,62027,-1915,-11394
2021/10/18,外資及陸資,533661,357956,536700,363503,-3039,-5547,239508,123068,511505,248908,-271997,-125840
2021/10/19,自營商,273912,74854,258760,79146,15152,-4292,288622,106150,234020,52967,54602,53183
2021/10/19,投信,17433,48078,16708,45577,725,2501,19341,52519,20531,61539,-1190,-9020
2021/10/19,外資及陸資,478783,356234,471749,350908,7034,5326,243177,124225,508128,246323,-264951,-122098
2021/10/20,自營商,331132,65812,341468,59550,-10336,6262,162135,91978,109542,28847,52593,63131
2021/10/20,投信,388,1096,156,334,232,762,19572,53302,20530,61565,-958,-8263
2021/10/20,外資及陸資,441420,261421,448250,268222,-6830,-6801,118265,92383,362770,206870,-244505,-114487
2021/10/21,自營商,209917,43069,212670,42157,-2753,912,187133,94597,137422,30765,49711,63832
2021/10/21,投信,64,216,1315,4376,-1251,-4160,18306,48874,20515,61256,-2209,-12382
2021/10/21,外資及陸資,337988,284857,350375,293151,-12387,-8294,130553,100247,387361,222614,-256808,-122367
2021/10/22,自營商,153985,32818,158952,31890,-4967,928,191347,95007,146678,30109,44669,64898
2021/10/22,投信,18,61,107,338,-89,-277,18215,48708,20513,61391,-2298,-12683
2021/10/22,外資及陸資,313399,260092,315959,266493,-2560,-6401,134761,99626,394120,228622,-259359,-128996
2021/10/25,自營商,191405,36643,196261,37059,-4856,-416,202302,95811,162345,31215,39957,64596
2021/10/25,投信,40,135,67,208,-27,-73,18190,48736,20515,61520,-2325,-12784
2021/10/25,外資及陸資,369752,284106,373175,279807,-3423,4299,139908,100063,398484,225218,-258576,-125155
2021/10/26,自營商,241032,38867,227040,42892,13992,-4025,225074,98468,171249,37301,53825,61167
2021/10/26,投信,380,1277,21,61,359,1216,18266,49425,20232,61114,-1966,-11689
2021/10/26,外資及陸資,349165,246670,361183,256060,-12018,-9390,145238,104416,415871,240056,-270633,-135640
2021/10/27,自營商,299266,45086,316360,36070,-17094,9016,180396,101365,150846,30874,29550,70491
2021/10/27,投信,18,38,95,293,-77,-255,18186,49213,20229,61178,-2043,-11965
2021/10/27,外資及陸資,363091,227728,369777,233509,-6686,-5781,135602,102416,406444,244055,-270842,-141639
2021/10/28,自營商,145235,28841,147526,29368,-2291,-527,193090,102099,165834,32216,27256,69883
2021/10/28,投信,0,0,119,405,-119,-405,18070,48723,20232,61073,-2162,-12350
2021/10/28,外資及陸資,291088,239624,301572,240706,-10484,-1082,144078,103296,425404,245689,-281326,-142393
2021/10/29,自營商,193143,41818,202451,38493,-9308,3325,204356,107242,186292,34493,18064,72749
2021/10/29,投信,0,0,264,894,-264,-894,17970,48107,20396,61278,-2426,-13171
2021/10/29,外資及陸資,351101,293185,367044,300647,-15943,-7462,145732,99119,442988,248435,-297256,-149316
2021/11/1,自營商,201194,32556,196607,33726,4587,-1170,222135,108441,199553,36401,22582,72040
2021/11/1,投信,323,1103,7,24,316,1079,18063,48785,20173,60983,-2110,-12198
2021/11/1,外資及陸資,308065,241023,304183,231361,3882,9662,150898,104040,444272,244789,-293374,-140749
2021/11/2,自營商,296724,46652,297162,50191,-438,-3539,236015,109718,213873,41284,22142,68434
2021/11/2,投信,4,13,156,532,-152,-519,18022,48558,20284,61258,-2262,-12700
2021/11/2,外資及陸資,400861,256171,407410,258324,-6549,-2153,156804,109214,456764,252097,-299960,-142883
2021/11/3,自營商,275348,32194,274073,32405,1275,-211,195026,106163,179974,37780,15052,68383
2021/11/3,投信,92,291,25,62,67,229,18079,48865,20274,61372,-2195,-12507
2021/11/3,外資及陸資,344455,199607,345976,194542,-1521,5065,156033,107202,451580,245913,-295547,-138711
2021/11/4,自營商,203149,35553,203484,37464,-335,-1911,211329,105756,196576,39411,14753,66345
2021/11/4,投信,352,1202,11,38,341,1164,18099,48878,19953,60203,-1854,-11325
2021/11/4,外資及陸資,287101,241179,298658,249577,-11557,-8398,159867,106751,466955,253231,-307088,-146480
2021/11/5,自營商,220173,39927,216854,36754,3319,3173,220509,108203,202460,37787,18049,70416
2021/11/5,投信,635,2193,123,422,512,1771,18136,49577,19478,59268,-1342,-9691
2021/11/5,外資及陸資,330592,245694,321136,231540,9456,14154,177157,120493,474820,254979,-297663,-134486
2021/11/8,自營商,244883,36961,235990,39805,8893,-2844,237836,107746,210815,39530,27021,68216
2021/11/8,投信,335,1161,1,3,334,1158,18250,50412,19258,59037,-1008,-8625
2021/11/8,外資及陸資,356504,243568,350194,226165,6310,17403,182254,130954,473553,249732,-291299,-118778
2021/11/9,自營商,296723,43833,281416,48504,15307,-4671,265235,105938,222885,41934,42350,64004
2021/11/9,投信,489,1681,96,326,393,1355,18322,51012,18939,58355,-617,-7343
2021/11/9,外資及陸資,405911,248746,401180,238947,4731,9799,185401,131356,477180,241088,-291779,-109732
2021/11/10,自營商,307557,50876,325282,44940,-17725,5936,213323,107796,199846,38106,13477,69690
2021/11/10,投信,576,1950,98,316,478,1634,18520,51663,18659,57372,-139,-5709
2021/11/10,外資及陸資,426912,229540,446365,246533,-19453,-16993,179974,122272,489225,248742,-309251,-126470
2021/11/11,自營商,198395,45714,206956,49368,-8561,-3654,218779,107246,213143,41469,5636,65777
2021/11/11,投信,654,2256,209,730,445,1526,18678,51944,18372,56091,306,-4147
2021/11/11,外資及陸資,387232,279409,394389,288326,-7157,-8917,183611,119776,499910,253935,-316299,-134159
2021/11/12,自營商,227367,50897,218803,50795,8564,102,229393,105861,215285,39676,14108,66185
2021/11/12,投信,2289,3352,2235,3165,54,187,18725,52315,18365,56290,360,-3975
2021/11/12,外資及陸資,412659,298838,411206,292858,1453,5980,193373,128917,508228,257778,-314855,-128861
2021/11/15,自營商,259372,68368,251068,72076,8304,-3708,249601,103742,227173,40703,22428,63039
2021/11/15,投信,18432,59883,18171,58889,261,994,18667,52508,18046,55518,621,-3010
2021/11/15,外資及陸資,515731,377683,522873,372650,-7142,5033,201135,143665,523088,268656,-321953,-124991
2021/11/16,自營商,241475,68106,225609,76314,15866,-8208,271290,102073,232952,47172,38338,54901
2021/11/16,投信,15633,43978,15552,43733,81,245,18731,52820,18029,55594,702,-2774
2021/11/16,外資及陸資,521002,318103,518544,316143,2458,1960,223364,147147,542822,270563,-319458,-123416
2021/11/17,自營商,291929,70391,289843,71004,2086,-613,161081,91486,137665,31408,23416,60078
2021/11/17,投信,379,1119,88,259,291,860,18192,51310,17879,55303,313,-3993
2021/11/17,外資及陸資,393034,241452,402441,237401,-9407,4051,126553,113367,404210,227604,-277657,-114237
2021/11/18,自營商,161173,33249,162010,36430,-837,-3181,190331,93368,167748,35933,22583,57435
2021/11/18,投信,215,765,128,429,87,336,18118,51354,17718,55041,400,-3687
2021/11/18,外資及陸資,317581,232396,336667,246919,-19086,-14523,148382,118616,445204,248226,-296822,-129610
2021/11/19,自營商,166032,33758,181065,33102,-15033,656,200088,93928,192596,35818,7492,58110
2021/11/19,投信,0,0,131,468,-131,-468,17988,50893,17719,55040,269,-4147
2021/11/19,外資及陸資,342436,230594,365014,245592,-22578,-14998,147718,112445,467073,257107,-319355,-144662
2021/11/22,自營商,155950,26162,158651,29179,-2701,-3017,208122,93780,203456,38778,4666,55002
2021/11/22,投信,0,0,1,4,-1,-4,17987,50832,17719,54974,268,-4142
2021/11/22,外資及陸資,354392,220390,354473,217510,-81,2880,161336,125835,480878,267845,-319542,-142010
2021/11/23,自營商,253428,55209,282911,53596,-29483,1613,207140,96286,232487,40135,-25347,56151
2021/11/23,投信,2,7,476,1671,-474,-1664,17843,49843,18049,55605,-206,-5762
2021/11/23,外資及陸資,453554,294731,460323,299312,-6769,-4581,161009,121189,487313,266048,-326304,-144859
2021/11/24,自營商,296370,49693,297820,50166,-1450,-473,177495,94691,197330,38891,-19835,55800
2021/11/24,投信,13,5,70,209,-57,-204,17786,49669,18049,55642,-263,-5973
2021/11/24,外資及陸資,458440,257690,455023,257271,3417,419,161711,126927,481517,271613,-319806,-144686
2021/11/25,自營商,116443,27521,130438,25186,-13995,2335,184174,97051,217810,39004,-33636,58047
2021/11/25,投信,2,2,23,52,-21,-50,17765,49593,18049,55615,-284,-6022
2021/11/25,外資及陸資,285419,222674,301545,234751,-16126,-12077,166033,123972,501958,280763,-335925,-156791
2021/11/26,自營商,275659,53958,263991,56925,11668,-2967,197744,93865,219558,39843,-21814,54022
2021/11/26,投信,558,1854,925,3208,-367,-1354,18051,49583,18702,56845,-651,-7262
2021/11/26,外資及陸資,421406,316066,417012,311412,4394,4654,171093,118377,498528,267274,-327435,-148897
2021/11/29,自營商,351513,58514,336540,61415,14973,-2901,221336,90887,228093,39817,-6757,51070
2021/11/29,投信,50,173,5,17,45,156,18101,49678,18707,56766,-606,-7088
2021/11/29,外資及陸資,537737,420644,525017,410084,12720,10560,185091,127432,499784,265862,-314693,-138430
2021/11/30,自營商,321748,64460,316556,56805,5192,7655,242009,99214,243498,40653,-1489,58561
2021/11/30,投信,102,352,51,167,51,185,18179,50000,18734,56909,-555,-6909
2021/11/30,外資及陸資,508017,324542,529180,344354,-21163,-19812,187587,120927,523433,279568,-335846,-158641
2021/12/1,自營商,496791,65029,462183,67512,34608,-2483,197348,97147,203612,40404,-6264,56743
2021/12/1,投信,702,2440,95,277,607,2163,18294,51168,18242,56022,52,-4854
2021/12/1,外資及陸資,611879,393686,602589,386473,9290,7213,189021,128447,513662,281923,-324641,-153476
2021/12/2,自營商,233967,50135,215279,52799,18688,-2664,222840,96855,210193,42223,12647,54632
2021/12/2,投信,293,1034,64,223,229,811,18363,51801,18082,55877,281,-4076
2021/12/2,外資及陸資,428515,370867,444962,372648,-16447,-1781,190147,125068,531267,281628,-341120,-156560
2021/12/3,自營商,187630,41026,195683,39062,-8053,1964,229399,99264,224790,42761,4609,56503
2021/12/3,投信,62,220,56,195,6,25,18364,51804,18077,55853,287,-4049
2021/12/3,外資及陸資,406698,323797,408325,327939,-1627,-4142,195746,124478,538475,285537,-342729,-161059
2021/12/6,自營商,211104,52848,228023,49424,-16919,3424,237510,105024,249899,45152,-12389,59872
2021/12/6,投信,76,269,82,290,-6,-21,18360,51728,18079,55806,281,-4078
2021/12/6,外資及陸資,429257,331259,450409,345590,-21152,-14331,193812,127693,557646,303237,-363834,-175544
2021/12/7,自營商,290997,55733,294517,50908,-3520,4825,251742,110191,267748,45128,-16006,65063
2021/12/7,投信,1387,4930,39,122,1348,4808,19604,56462,17975,55758,1629,704
2021/12/7,外資及陸資,466455,301185,466943,308384,-488,-7199,193094,122334,557416,305972,-364322,-183638
2021/12/8,自營商,392329,60005,362454,64978,29875,-4973,220888,100308,217358,39975,3530,60333
2021/12/8,投信,629,2225,14,25,615,2200,20172,58676,17928,55765,2244,2911
2021/12/8,外資及陸資,537690,303076,532075,291634,5615,11442,193342,125920,549561,298676,-356219,-172756
2021/12/9,自營商,198252,39981,195685,41473,2567,-1492,234523,100800,228399,41810,6124,58990
2021/12/9,投信,112,393,40,136,72,257,20249,59136,17933,55954,2316,3182
2021/12/9,外資及陸資,409038,258675,413071,256055,-4033,2620,197784,130259,558004,300796,-360220,-170537
2021/12/10,自營商,176101,42369,181545,38410,-5444,3959,241267,104921,240517,42262,750,62659
2021/12/10,投信,2283,3366,2227,3166,56,200,20306,59037,17934,55671,2372,3366
2021/12/10,外資及陸資,390567,254516,400943,266846,-10376,-12330,197897,123904,568503,305546,-370606,-181642
2021/12/13,自營商,251123,64552,247130,64145,3993,407,251356,107887,245390,45025,5966,62862
2021/12/13,投信,18582,60972,18795,61791,-213,-819,20303,58637,18144,56096,2159,2541
2021/12/13,外資及陸資,497289,394545,505115,393226,-7826,1319,198140,133170,576610,312689,-378470,-179519
2021/12/14,自營商,290185,85689,293160,85214,-2975,475,257656,113399,254918,50502,2738,62897
2021/12/14,投信,16993,48695,17287,49667,-294,-972,20439,58623,18574,57080,1865,1543
2021/12/14,外資及陸資,626470,423389,621086,425176,5384,-1787,215668,129748,588716,309124,-373048,-179376
2021/12/15,自營商,339698,71347,322301,76562,17397,-5215,172981,90813,120028,29464,52953,61349
2021/12/15,投信,484,1523,88,136,396,1387,20340,58509,18579,57263,1761,1246
2021/12/15,外資及陸資,567484,302304,568083,295365,-599,6939,113650,103347,435054,268013,-321404,-164666
2021/12/16,自營商,177776,33889,185143,32731,-7367,1158,191896,93245,146196,30034,45700,63211
2021/12/16,投信,664,2364,31,110,633,2254,20534,59887,18140,56374,2394,3513
2021/12/16,外資及陸資,301728,256771,313553,261941,-11825,-5170,125637,106000,458865,277895,-333228,-171895
2021/12/17,自營商,174057,27387,167462,33309,6595,-5922,210687,91616,157746,34346,52941,57270
2021/12/17,投信,55,196,38,94,17,102,20552,59926,18141,56326,2411,3600
2021/12/17,外資及陸資,319908,257165,323357,255251,-3449,1914,135933,110408,471993,279940,-336060,-169532
2021/12/20,自營商,231813,46399,260058,40552,-28245,5847,208532,95498,183732,33030,24800,62468
2021/12/20,投信,0,0,478,1681,-478,-1681,20358,58555,18425,56675,1933,1880
2021/12/20,外資及陸資,390586,315775,399040,324829,-8454,-9054,142005,106985,486486,283679,-344481,-176694
2021/12/21,自營商,296891,39817,279963,44293,16928,-4476,226749,96894,184931,38247,41818,58647
2021/12/21,投信,528,1879,15,53,513,1826,20541,59904,18095,56180,2446,3724
2021/12/21,外資及陸資,405248,302598,394111,290257,11137,12341,148247,112562,481633,278748,-333386,-166186
2021/12/22,自營商,227953,32399,232591,27260,-4638,5139,191663,96966,156385,33141,35278,63825
2021/12/22,投信,73,223,17,39,56,184,20587,60168,18085,56252,2502,3916
2021/12/22,外資及陸資,291167,180980,302164,179959,-10997,1021,136708,107987,477384,273314,-340676,-165327
2021/12/23,自營商,154997,31746,153935,30734,1062,1012,209095,99435,172731,34206,36364,65229
2021/12/23,投信,238,854,189,678,49,176,20420,59967,17869,55848,2551,4119
2021/12/23,外資及陸資,230839,202971,228143,197472,2696,5499,145022,115301,483019,276296,-337997,-160995
2021/12/24,自營商,126309,21189,125190,24181,1119,-2992,213408,97744,175806,35426,37602,62318
2021/12/24,投信,10,36,6,9,4,27,20424,60015,17869,55872,2555,4143
2021/12/24,外資及陸資,183055,140653,182383,143702,672,-3049,151028,118386,488356,282546,-337328,-164160
2021/12/27,自營商,159736,24697,150513,26261,9223,-1564,221874,98231,175003,37037,46871,61194
2021/12/27,投信,315,1138,116,406,199,732,20408,60351,17654,55451,2754,4900
2021/12/27,外資及陸資,185803,145651,182558,139314,3245,6337,158156,129199,492240,288062,-334084,-158863
2021/12/28,自營商,187580,27177,184437,30521,3143,-3344,235022,98633,184831,40246,50191,58387
2021/12/28,投信,264,950,5,18,259,932,20499,61125,17486,55259,3013,5866
2021/12/28,外資及陸資,239958,177592,241784,175118,-1826,2474,163601,139940,499522,297709,-335921,-157769
2021/12/29,自營商,268695,37644,258684,33899,10011,3745,205723,99824,174414,37608,31309,62216
2021/12/29,投信,269,961,35,106,234,855,20577,61634,17330,54900,3247,6734
2021/12/29,外資及陸資,274333,165188,282486,172649,-8153,-7461,158234,144001,498583,309531,-340349,-165530
2021/12/30,自營商,121387,25327,128442,23261,-7055,2066,215754,100987,191533,36926,24221,64061
2021/12/30,投信,169,609,143,510,26,99,20668,61758,17395,54943,3273,6815
2021/12/30,外資及陸資,187017,152379,200189,166685,-13172,-14306,157899,133473,511426,312809,-353527,-179336
2022/1/3,自營商,247617,47133,241905,47866,5712,-733,231798,103638,202747,41122,29051,62516
2022/1/3,投信,206,742,14,51,192,691,20741,62253,17276,54722,3465,7531
2022/1/3,外資及陸資,347764,273252,344388,270314,3376,2938,171460,135146,521658,311946,-350198,-176800
2022/1/4,自營商,333145,53639,323314,50877,9831,2762,257623,110265,218648,44037,38975,66228
2022/1/4,投信,556,2059,8,30,548,2029,20909,63727,16896,54078,4013,9649
2022/1/4,外資及陸資,403371,275823,391744,270580,11627,5243,190216,142454,528823,316652,-338607,-174198
2022/1/5,自營商,337303,52564,349006,53463,-11703,-899,231089,108740,206251,43790,24838,64950
2022/1/5,投信,530,1934,16,37,514,1897,21425,65519,16898,53995,4527,11524
2022/1/5,外資及陸資,417223,265302,424857,268712,-7634,-3410,184104,142721,528597,319711,-344493,-176990
2022/1/6,自營商,275276,57092,281906,64260,-6630,-7168,247525,103945,229132,46718,18393,57227
2022/1/6,投信,392,1436,649,2381,-257,-945,21456,65114,17186,54627,4270,10487
2022/1/6,外資及陸資,390206,368098,393081,362955,-2875,5143,189180,145165,536452,315402,-347272,-170237
2022/1/7,自營商,316081,65918,326543,67186,-10462,-1268,255213,105143,247043,49739,8170,55404
2022/1/7,投信,21,76,424,1539,-403,-1463,21347,64037,17480,55118,3867,8919
2022/1/7,外資及陸資,540064,426004,549545,443869,-9481,-17865,185987,129613,542722,314970,-356735,-185357
2022/1/10,自營商,279764,52423,278842,48849,922,3574,264183,108207,255193,48715,8990,59492
2022/1/10,投信,296,1075,0,0,296,1075,21469,64891,17306,54843,4163,10048
2022/1/10,外資及陸資,460987,359164,456072,352094,4915,7070,189856,133914,541743,313221,-351887,-179307
2022/1/11,自營商,350707,69808,354615,64605,-3908,5203,276611,113071,271348,48206,5263,64865
2022/1/11,投信,17,56,51,183,-34,-127,21481,65016,17352,55091,4129,9925
2022/1/11,外資及陸資,559180,397122,573435,411775,-14255,-14653,188919,126973,555077,320566,-366158,-193593
2022/1/12,自營商,386700,64042,374560,62648,12140,1394,237825,112581,219360,45985,18465,66596
2022/1/12,投信,183,651,116,404,67,247,21640,65966,17444,55740,4196,10226
2022/1/12,外資及陸資,516660,326797,518376,323212,-1716,3585,185772,126189,548904,317232,-363132,-191043
2022/1/13,自營商,203142,49879,192347,54492,10795,-4613,259296,110108,228130,47938,31166,62170
2022/1/13,投信,159,579,97,353,62,226,21690,66315,17432,55845,4258,10470
2022/1/13,外資及陸資,391395,333147,385102,318525,6293,14622,196921,133348,553694,310038,-356773,-176690
2022/1/14,自營商,398818,98466,414573,93431,-15755,5035,264098,114041,248397,46980,15701,67061
2022/1/14,投信,2244,3445,2245,3459,-1,-14,21699,66119,17442,55705,4257,10414
2022/1/14,外資及陸資,686076,556903,693320,559247,-7244,-2344,196190,128192,560167,307180,-363977,-178988
2022/1/17,自營商,326781,84197,307595,87878,19186,-3681,286363,119706,251272,55688,35091,64018
2022/1/17,投信,20127,69069,19967,68471,160,598,21795,66944,17378,55847,4417,11097
2022/1/17,外資及陸資,637867,454594,634576,453259,3291,1335,203379,135947,564091,315235,-360712,-179288
2022/1/18,自營商,362108,94507,374088,92192,-11980,2315,284309,121229,261394,55645,22915,65584
2022/1/18,投信,16138,47869,16533,49354,-395,-1485,21813,66353,17791,56828,4022,9525
2022/1/18,外資及陸資,622066,475147,621930,470039,136,5108,214760,141365,575144,313535,-360384,-172170
2022/1/19,自營商,467760,101534,481935,104268,-14175,-2734,207303,103277,138017,37449,69286,65828
2022/1/19,投信,785,2624,782,2645,3,-21,21811,65706,18436,58649,3375,7057
2022/1/19,外資及陸資,641266,430043,653544,435715,-12278,-5672,117298,108221,446702,282950,-329404,-174729
2022/1/20,自營商,215404,46488,226779,43255,-11375,3233,227443,107165,169329,37838,58114,69327
2022/1/20,投信,295,1064,131,450,164,614,21905,66339,18366,58634,3539,7705
2022/1/20,外資及陸資,410237,383649,417957,385781,-7720,-2132,133731,112026,470843,289620,-337112,-177594
2022/1/21,自營商,339491,67662,345980,69082,-6489,-1420,240559,109951,188837,43337,51722,66614
2022/1/21,投信,752,2641,1004,3582,-252,-941,22335,66546,19048,59910,3287,6636
2022/1/21,外資及陸資,505473,467379,522777,477597,-17304,-10218,136696,106353,491063,290372,-354367,-184019
2022/1/24,自營商,307850,59270,308559,55780,-709,3490,257331,112018,205720,41648,51611,70370
2022/1/24,投信,381,1346,62,212,319,1134,22540,67527,18934,59728,3606,7799
2022/1/24,外資及陸資,544364,467945,544379,468857,-15,-912,142072,102428,496524,288298,-354452,-185870
2022/1/25,自營商,385716,81560,402564,76372,-16848,5188,259487,118207,223972,43767,35515,74440
2022/1/25,投信,212,726,718,2533,-506,-1807,22617,66721,19522,60873,3095,5848
2022/1/25,外資及陸資,768553,643090,795066,669216,-26513,-26126,144859,92989,521301,301597,-376442,-208608
2022/1/26,自營商,436435,57901,410122,60011,26313,-2110,242861,115742,170305,43545,72556,72197
2022/1/26,投信,530,1838,36,106,494,1732,23141,68353,19552,60793,3589,7560
2022/1/26,外資及陸資,625111,446402,617860,438892,7251,7510,134838,95574,497905,296053,-363067,-200479
2022/2/7,自營商,480908,69271,452321,63788,28587,5483,244459,122484,179329,43668,65130,78816
2022/2/7,投信,624,2187,420,1481,204,706,22889,68414,19096,60062,3793,8352
2022/2/7,外資及陸資,509611,419388,491847,409800,17764,9588,147192,102913,485020,296231,-337828,-193318
2022/2/8,自營商,275824,54650,268117,57187,7707,-2537,270960,122706,198361,46302,72599,76404
2022/2/8,投信,369,1324,0,0,369,1324,23034,69082,18872,59392,4162,9690
2022/2/8,外資及陸資,413710,305594,410117,302594,3593,3000,159475,105881,493628,296649,-334153,-190768
2022/2/9,自營商,343463,54932,331060,51747,12403,3185,248389,125404,185945,44751,62444,80653
2022/2/9,投信,322,1166,1,0,321,1166,23125,70255,18642,59273,4483,10982
2022/2/9,外資及陸資,411874,249288,404706,235934,7168,13354,160851,111142,489974,290632,-329123,-179490
2022/2/10,自營商,248340,56181,235565,57761,12775,-1580,273506,126304,198129,46291,75377,80013
2022/2/10,投信,127,453,1468,5359,-1341,-4906,21720,65788,18578,59612,3142,6176
2022/2/10,外資及陸資,410074,316828,393652,295189,16422,21639,175549,118367,488215,278316,-312666,-159949
2022/2/11,自營商,254719,56411,252931,59775,1788,-3364,293349,126988,216629,50612,76720,76376
2022/2/11,投信,2844,5366,4139,10110,-1295,-4744,19926,58999,18079,57591,1847,1408
2022/2/11,外資及陸資,496725,386502,510344,384739,-13619,1763,179005,121470,505280,279101,-326275,-157631
2022/2/14,自營商,336168,108178,362027,107107,-25859,1071,284099,127717,234016,51689,50083,76028
2022/2/14,投信,17797,58744,18792,62299,-995,-3555,19298,55716,18446,57891,852,-2175
2022/2/14,外資及陸資,639900,509715,648001,519637,-8101,-9922,180802,112618,515169,277166,-334367,-164548
2022/2/15,自營商,386728,105983,367211,114495,19517,-8512,305153,119966,235588,52533,69565,67433
2022/2/15,投信,15978,46040,16196,46791,-218,-751,19234,55416,18600,58343,634,-2927
2022/2/15,外資及陸資,706485,550896,706322,532289,163,18607,188429,119677,522668,265505,-334239,-145828
2022/2/16,自營商,509865,111387,484563,118771,25302,-7384,238212,106557,141006,36355,97206,70202
2022/2/16,投信,803,2658,159,348,644,2310,18254,52787,18080,57408,174,-4621
2022/2/16,外資及陸資,546611,362728,557131,352990,-10520,9738,109248,103052,419928,236411,-310680,-133359
2022/2/17,自營商,232903,48713,235384,49851,-2481,-1138,266503,108620,171726,39499,94777,69121
2022/2/17,投信,85,310,109,398,-24,-88,18287,52990,18137,57707,150,-4717
2022/2/17,外資及陸資,432091,358540,441718,366867,-9627,-8327,126586,110769,446866,252500,-320280,-141731
2022/2/18,自營商,199801,42650,211832,44880,-12031,-2230,272369,109244,189451,42477,82918,66767
2022/2/18,投信,112,408,156,569,-44,-161,18288,52937,18182,57809,106,-4872
2022/2/18,外資及陸資,395112,312947,402107,318836,-6995,-5889,134132,115115,461389,262833,-327257,-147718
2022/2/21,自營商,221154,44575,244754,45224,-23600,-649,267976,109520,208813,43329,59163,66191
2022/2/21,投信,72,262,26,94,46,168,18348,53096,18196,57799,152,-4703
2022/2/21,外資及陸資,433692,348429,442568,359080,-8876,-10651,134917,109544,471029,267954,-336112,-158410
2022/2/22,自營商,387121,77020,399310,74041,-12189,2979,274760,109804,227944,41849,46816,67955
2022/2/22,投信,147,513,1117,3995,-970,-3482,17994,50869,18812,58964,-818,-8095
2022/2/22,外資及陸資,582986,428583,596260,437395,-13274,-8812,139609,99747,488994,264101,-349385,-164354
2022/2/23,自營商,380647,55609,367432,57114,13215,-1505,249655,109589,190445,42909,59210,66680
2022/2/23,投信,383,1355,38,104,345,1251,18053,51530,18526,58447,-473,-6917
2022/2/23,外資及陸資,515391,366159,510792,352389,4599,13770,132680,102862,465864,254409,-333184,-151547
2022/2/24,自營商,358842,81486,365303,79590,-6461,1896,277732,113821,225007,47363,52725,66458
2022/2/24,投信,55,193,1189,4162,-1134,-3969,17718,48853,19325,59525,-1607,-10672
2022/2/24,外資及陸資,642452,597945,661317,614006,-18865,-16061,143821,105228,492337,267653,-348516,-162425
2022/2/25,自營商,294455,71871,290299,73647,4156,-1776,292493,113565,235603,48500,56890,65065
2022/2/25,投信,408,1424,655,2307,-247,-883,17269,47520,19123,59133,-1854,-11613
2022/2/25,外資及陸資,669600,612954,664147,610771,5453,2183,150283,97418,493222,258754,-342939,-161336
2022/3/1,自營商,308753,60320,284994,66261,23759,-5941,317555,114434,237070,54219,80485,60215
2022/3/1,投信,803,2876,163,573,640,2303,17281,48371,18495,57882,-1214,-9511
2022/3/1,外資及陸資,563907,457079,549877,442484,14030,14595,164184,114220,492986,263094,-328802,-148874
2022/3/2,自營商,393085,71438,399663,66966,-6578,4472,271124,115064,220360,50941,50764,64123
2022/3/2,投信,17,39,189,653,-172,-614,17213,47919,18599,58006,-1386,-10087
2022/3/2,外資及陸資,571345,380337,586411,399211,-15066,-18874,149392,103134,490013,270022,-340621,-166888
2022/3/3,自營商,209748,45455,213306,48471,-3558,-3016,291947,115128,244769,53826,47178,61302
2022/3/3,投信,229,660,8,29,221,631,17330,48408,18495,57919,-1165,-9511
2022/3/3,外資及陸資,431464,376855,428875,371868,2589,4987,151194,97400,489255,260263,-338061,-162863
2022/3/4,自營商,239721,57663,244759,59140,-5038,-1477,298978,113162,256606,54224,42372,58938
2022/3/4,投信,95,164,508,1786,-413,-1622,17271,47330,18849,58322,-1578,-10992
2022/3/4,外資及陸資,504259,453165,504071,447379,188,5786,161718,106931,499573,261646,-337855,-154715
2022/3/7,自營商,400174,97600,416479,92212,-16305,5388,310522,114799,285752,52420,24770,62379
2022/3/7,投信,148,496,1881,6415,-1733,-5919,16625,43496,19936,60018,-3311,-16522
2022/3/7,外資及陸資,654856,557767,660278,568992,-5422,-11225,162025,96486,501557,256672,-339532,-160186
2022/3/8,自營商,476969,104236,478503,101089,-1534,3147,333387,113327,310024,49036,23363,64291
2022/3/8,投信,169,562,2602,8689,-2433,-8127,14565,35726,20309,60028,-5744,-24302
2022/3/8,外資及陸資,822796,641218,803482,620498,19314,20720,173450,100294,490449,236793,-316999,-136499
2022/3/9,自營商,536522,92661,508455,98748,28067,-6087,292354,108233,234256,49438,58098,58795
2022/3/9,投信,497,1664,12,20,485,1644,14648,36505,19907,59523,-5259,-23018
2022/3/9,外資及陸資,753268,543871,744293,528835,8975,15036,165568,108437,472751,231373,-307183,-122936
2022/3/10,自營商,253951,63406,250265,66931,3686,-3525,307882,114635,246015,57629,61867,57006
2022/3/10,投信,1124,3887,36,112,1088,3775,14883,38365,19054,58277,-4171,-19912
2022/3/10,外資及陸資,484311,423686,459536,400306,24775,23380,181242,112525,467813,214992,-286571,-102467
2022/3/11,自營商,239295,71073,264161,65144,-24866,5929,301348,112517,264365,50475,36983,62042
2022/3/11,投信,2304,3225,2732,4689,-428,-1464,14805,37636,19404,58767,-4599,-21131
2022/3/11,外資及陸資,540317,436776,540779,453999,-462,-17223,187904,108969,474957,227398,-287053,-118429
2022/3/14,自營商,263118,76344,268294,81526,-5176,-5182,307679,112897,275312,56053,32367,56844
2022/3/14,投信,17129,53846,17218,54164,-89,-318,14757,37384,19445,58866,-4688,-21482
2022/3/14,外資及陸資,658693,514210,661298,515662,-2605,-1452,186687,105875,476394,225725,-289707,-119850
2022/3/15,自營商,444300,119392,447752,118200,-3452,1192,318194,112461,289397,55731,28797,56730
2022/3/15,投信,14958,38896,15543,41372,-585,-2476,14892,36462,20164,59965,-5272,-23503
2022/3/15,外資及陸資,749127,568462,765829,585457,-16702,-16995,190209,112933,496601,246472,-306392,-133539
2022/3/16,自營商,632676,103800,637973,109519,-5297,-5719,208808,100716,158713,39436,50095,61280
2022/3/16,投信,291,742,144,274,147,468,14923,36812,20056,59966,-5133,-23154
2022/3/16,外資及陸資,879652,540269,868915,514531,10737,25738,93000,75194,362719,187651,-269719,-112457
2022/3/17,自營商,269617,62030,267746,62243,1871,-213,238218,107552,186495,44653,51723,62899
2022/3/17,投信,2033,7058,4,3,2029,7055,15692,40591,18796,57391,-3104,-16800
2022/3/17,外資及陸資,517521,500425,519624,497156,-2103,3269,119283,95218,391120,207688,-271837,-112470
2022/3/18,自營商,191131,53342,188223,51710,2908,1632,260425,108741,205884,44362,54541,64379
2022/3/18,投信,1663,5780,197,685,1466,5095,17270,45951,18908,57613,-1638,-11662
2022/3/18,外資及陸資,443566,378385,462426,399587,-18860,-21202,119758,84748,410444,218053,-290686,-133305
2022/3/21,自營商,217364,41497,199974,45254,17390,-3757,277767,110103,205989,49217,71778,60886
2022/3/21,投信,135,467,312,690,-177,-223,17364,46593,19179,58544,-1815,-11951
2022/3/21,外資及陸資,381089,321730,379010,310965,2079,10765,129946,96093,418552,219212,-288606,-123119
2022/3/22,自營商,175763,32369,185984,33805,-10221,-1436,277563,109298,216260,49818,61303,59480
2022/3/22,投信,7,25,65,228,-58,-203,17312,46481,19185,58654,-1873,-12173
2022/3/22,外資及陸資,347529,274917,337748,268758,9781,6159,139064,102445,417889,219270,-278825,-116825
2022/3/23,自營商,397120,62014,381961,60455,15159,1559,255529,113403,201786,51770,53743,61633
2022/3/23,投信,324,1109,58,28,266,1081,17494,47565,19101,58784,-1607,-11219
2022/3/23,外資及陸資,384148,268088,377889,261326,6259,6762,141473,116875,416271,227962,-274798,-111087
2022/3/24,自營商,164761,35742,168311,38850,-3550,-3108,273609,112301,223462,53880,50147,58421
2022/3/24,投信,16,46,1544,5426,-1528,-5380,15969,42119,19104,58700,-3135,-16581
2022/3/24,外資及陸資,303737,275235,307266,273701,-3529,1534,142437,111052,420746,220298,-278309,-109246
2022/3/25,自營商,158362,32841,166432,31252,-8070,1589,276807,112554,234663,52590,42144,59964
2022/3/25,投信,11,39,24,85,-13,-46,15961,41986,19109,58571,-3148,-16585
2022/3/25,外資及陸資,325370,283121,332748,290349,-7378,-7228,140680,102909,426288,218991,-285608,-116082
2022/3/28,自營商,299831,55707,306553,60809,-6722,-5102,284526,110608,249034,56520,35492,54087
2022/3/28,投信,89,290,840,2921,-751,-2631,15610,40300,19509,59342,-3899,-19042
2022/3/28,外資及陸資,432839,376409,422771,364335,10068,12074,143818,99180,423432,201858,-279614,-102678
2022/3/29,自營商,223577,40522,221333,42522,2244,-2000,290980,110146,253445,57939,37535,52207
2022/3/29,投信,177,611,3,11,174,600,15676,40759,19401,59322,-3725,-18563
2022/3/29,外資及陸資,351241,270226,342392,255369,8849,14857,153041,115196,423776,203136,-270735,-87940
2022/3/30,自營商,401433,59943,353146,60438,48287,-495,268369,110183,215194,57816,53175,52367
2022/3/30,投信,563,1997,102,351,461,1646,15757,41514,19021,58633,-3264,-17119
2022/3/30,外資及陸資,464874,317636,459125,312570,5749,5066,159505,131099,422873,214814,-263368,-83715
2022/3/31,自營商,136067,36754,148810,35826,-12743,928,275403,109256,234891,56285,40512,52971
2022/3/31,投信,0,0,354,718,-354,-718,15718,41140,19336,58872,-3618,-17732
2022/3/31,外資及陸資,264414,243678,279001,267456,-14587,-23778,155873,111626,433863,218633,-277990,-107007
2022/4/1,自營商,205752,40272,202998,43012,2754,-2740,287414,110290,244447,60469,42967,49821
2022/4/1,投信,10,35,292,1022,-282,-987,15660,40743,19560,59381,-3900,-18638
2022/4/1,外資及陸資,360952,305258,353410,293074,7542,12184,166224,116431,436946,210643,-270722,-94212
2022/4/6,自營商,346881,50756,354569,50957,-7688,-201,273623,109717,234662,60654,38961,49063
2022/4/6,投信,2,7,43,143,-41,-136,15643,40552,19584,59275,-3941,-18723
2022/4/6,外資及陸資,389482,305910,390807,304838,-1325,1072,166857,116472,437570,208212,-270713,-91740
2022/4/7,自營商,266590,55149,267266,57603,-676,-2454,289857,107844,252253,62189,37604,45655
2022/4/7,投信,20,69,986,3382,-966,-3313,15402,38888,20309,60530,-4907,-21642
2022/4/7,外資及陸資,403967,369182,420477,381924,-16510,-12742,171486,115122,458839,217214,-287353,-102092
2022/4/8,自營商,197622,46118,189613,47505,8009,-1387,309748,107058,264313,62603,45435,44455
2022/4/8,投信,338,1163,101,347,237,816,15421,39308,20091,60339,-4670,-21031
2022/4/8,外資及陸資,383036,329651,360829,308774,22207,20877,188662,126816,453814,208838,-265152,-82022
2022/4/11,自營商,313831,69304,337954,66302,-24123,3002,311422,110603,289587,63879,21835,46724
2022/4/11,投信,69,234,688,2342,-619,-2108,15304,38294,20593,61121,-5289,-22827
2022/4/11,外資及陸資,500632,394260,510636,393005,-10004,1255,189494,127974,464623,207130,-275129,-79156
2022/4/12,自營商,298952,65315,303514,63114,-4562,2201,324026,111577,306374,62714,17652,48863
2022/4/12,投信,113,29,98,324,15,-295,15283,38148,20557,61211,-5274,-23063
2022/4/12,外資及陸資,516589,374210,519421,375921,-2832,-1711,194551,132280,469220,213099,-274669,-80819
2022/4/13,自營商,495941,92951,443064,87633,52877,5318,294659,115214,252527,60254,42132,54960
2022/4/13,投信,1191,4089,0,0,1191,4089,16166,41889,20249,61300,-4083,-19411
2022/4/13,外資及陸資,576224,377168,576338,375903,-114,1265,181301,142210,467946,223318,-286645,-81108
2022/4/14,自營商,165258,46943,169821,45306,-4563,1637,305799,114069,267600,57618,38199,56451
2022/4/14,投信,287,979,87,285,200,694,16347,42468,20230,61155,-3883,-18687
2022/4/14,外資及陸資,350172,275780,362511,287080,-12339,-11300,176694,131140,475632,223526,-298938,-92386
2022/4/15,自營商,267140,72524,283800,77384,-16660,-4860,309887,111535,287368,60934,22519,50601
2022/4/15,投信,2516,3901,2909,5220,-393,-1319,16580,42488,20856,62148,-4276,-19660
2022/4/15,外資及陸資,450730,344297,466063,362479,-15333,-18182,174362,120070,488946,228820,-314584,-108750
2022/4/18,自營商,276791,80020,272058,83520,4733,-3500,314757,109710,288737,62801,26020,46909
2022/4/18,投信,17836,55591,18104,56473,-268,-882,16598,42266,21142,62695,-4544,-20429
2022/4/18,外資及陸資,448421,349159,444596,340941,3825,8218,178018,122642,488981,222591,-310963,-99949
2022/4/19,自營商,315291,101982,304535,99721,10756,2261,326760,110187,289861,60742,36899,49445
2022/4/19,投信,16659,44452,16545,43396,114,1056,16687,42806,21117,62339,-4430,-19533
2022/4/19,外資及陸資,536347,416952,533775,418446,2572,-1494,182530,133867,491080,236047,-308550,-102180
2022/4/20,自營商,433436,89147,417367,88794,16069,353,214797,97846,157230,37368,57567,60478
2022/4/20,投信,557,1550,156,313,401,1237,16838,43430,20669,61858,-3831,-18428
2022/4/20,外資及陸資,535819,357724,527375,347634,8444,10090,107177,98252,379883,201510,-272706,-103258
2022/4/21,自營商,169264,38464,164489,41657,4775,-3193,238876,98261,176416,40886,62460,57375
2022/4/21,投信,225,769,308,23,-83,746,16943,43911,20857,61661,-3914,-17750
2022/4/21,外資及陸資,323808,273904,326420,275545,-2612,-1641,119821,103312,395092,208364,-275271,-105052
2022/4/22,自營商,208384,46319,216883,46793,-8499,-474,255402,99503,200642,43143,54760,56360
2022/4/22,投信,34,113,372,1258,-338,-1145,16897,43403,21149,62162,-4252,-18759
2022/4/22,外資及陸資,404886,326207,415897,323638,-11011,2569,124820,101846,411081,203341,-286261,-101495
2022/4/25,自營商,330223,65593,337927,63706,-7704,1887,276044,100901,228606,44038,47438,56863
2022/4/25,投信,344,636,1121,3678,-777,-3042,16849,42196,21878,63549,-5029,-21353
2022/4/25,外資及陸資,543582,411755,553272,419667,-9690,-7912,131266,94225,427214,200885,-295948,-106660
2022/4/26,自營商,246847,49085,253267,47444,-6420,1641,281795,102522,240715,44004,41080,58518
2022/4/26,投信,1,3,521,1726,-520,-1723,16593,41388,22142,64479,-5549,-23091
2022/4/26,外資及陸資,490921,366827,493099,366801,-2178,26,139828,96701,434713,203162,-294885,-106461
2022/4/27,自營商,568521,95888,595226,94823,-26705,1065,254407,103020,190985,45188,63422,57832
2022/4/27,投信,377,1222,1116,3617,-739,-2395,16766,41215,23054,66276,-6288,-25061
2022/4/27,外資及陸資,738564,466450,747472,479327,-8908,-12877,123770,101789,442653,218498,-318883,-116709
2022/4/28,自營商,235600,52073,217080,53835,18520,-1762,292281,105141,210044,48423,82237,56718
2022/4/28,投信,294,959,214,698,80,261,16831,41692,23039,66645,-6208,-24953
2022/4/28,外資及陸資,494950,448607,488307,441920,6643,6687,137520,108096,449770,219235,-312250,-111139
2022/4/29,自營商,249460,52687,228547,57287,20913,-4600,318044,106902,214717,54357,103327,52545
2022/4/29,投信,410,1360,258,854,152,506,16959,42609,23015,67350,-6056,-24741
2022/4/29,外資及陸資,521638,420078,510481,393072,11157,27006,140696,116710,441741,202085,-301045,-85375
2022/5/3,自營商,209676,47794,226031,41558,-16355,6236,322907,109639,235888,51237,87019,58402
2022/5/3,投信,507,1670,232,759,275,911,17459,43965,23240,67632,-5781,-23667
2022/5/3,外資及陸資,436409,325531,451292,345511,-14883,-19980,134149,102789,450077,207707,-315928,-104918
2022/5/4,自營商,299082,47721,301603,46583,-2521,1138,285784,110708,204231,51302,81553,59406
2022/5/4,投信,98,325,0,0,98,325,17551,44387,23179,67619,-5628,-23232
2022/5/4,外資及陸資,439714,283691,442989,282087,-3275,1604,129357,109587,450886,213327,-321529,-103740
2022/5/5,自營商,207879,47597,207606,46775,273,822,300299,112057,218462,51113,81837,60944
2022/5/5,投信,803,2673,53,177,750,2496,17842,45799,22720,66770,-4878,-20971
2022/5/5,外資及陸資,396538,334622,393061,335830,3477,-1208,138850,116302,456632,222520,-317782,-106218
2022/5/6,自營商,251493,54651,253423,56559,-1930,-1908,321835,113367,241393,55565,80442,57802
2022/5/6,投信,176,580,928,3030,-752,-2450,17804,44769,23434,67787,-5630,-23018
2022/5/6,外資及陸資,452316,401110,466178,408215,-13862,-7105,144017,121010,475922,232322,-331905,-111312
2022/5/9,自營商,288446,61276,293468,60394,-5022,882,339032,114042,263799,56512,75233,57530
2022/5/9,投信,50,1,1794,4155,-1744,-4154,17547,43061,24921,69759,-7374,-26698
2022/5/9,外資及陸資,544727,447917,549769,442326,-5042,5591,149663,124664,486564,228183,-336901,-103519
2022/5/10,自營商,351351,72270,376023,66420,-24672,5850,335682,117926,285173,54353,50509,63573
2022/5/10,投信,254,10,1056,2729,-802,-2719,17293,42279,25469,71721,-8176,-29442
2022/5/10,外資及陸資,632906,451290,632970,468490,-64,-17200,149917,117115,486821,238416,-336904,-121301
2022/5/11,自營商,428082,69838,437723,69917,-9641,-79,299182,114005,230485,50926,68697,63079
2022/5/11,投信,54,2,412,979,-358,-977,17288,42194,25822,72550,-8534,-30356
2022/5/11,外資及陸資,629862,403899,626552,391776,3310,12123,143554,125000,482001,233318,-338447,-108318
2022/5/12,自營商,298413,70999,285837,74755,12576,-3756,323170,112392,243124,54240,80046,58152
2022/5/12,投信,71,127,1475,4051,-1404,-3924,17039,40429,26977,73990,-9938,-33561
2022/5/12,外資及陸資,599805,510577,590254,506001,9551,4576,154538,131480,487412,232788,-332874,-101308
2022/5/13,自營商,256007,58744,250953,60901,5054,-2157,340012,113956,254753,57176,85259,56780
2022/5/13,投信,2966,5104,2329,2768,637,2336,17249,41642,26550,73333,-9301,-31691
2022/5/13,外資及陸資,573083,466596,559275,455365,13808,11231,168193,143230,487118,234817,-318925,-91587
2022/5/16,自營商,306697,80110,294660,84021,12037,-3911,358148,113375,259812,60289,98336,53086
2022/5/16,投信,21077,62039,20786,61055,291,984,17300,41959,26310,72821,-9010,-30862
2022/5/16,外資及陸資,607986,462426,596619,449911,11367,12515,171909,147943,479321,227163,-307412,-79220
2022/5/17,自營商,286876,81345,276938,83924,9938,-2579,360687,110762,251570,59707,109117,51055
2022/5/17,投信,18198,47433,17862,46342,336,1091,17332,42438,26006,72488,-8674,-30050
2022/5/17,外資及陸資,588456,429285,581064,417592,7392,11693,178910,153864,478982,222257,-300072,-68393
2022/5/18,自營商,471041,85789,420238,86158,50803,-369,265602,103310,127326,39298,138276,64012
2022/5/18,投信,1340,4009,705,1958,635,2051,17539,43554,24528,71876,-6989,-28322
2022/5/18,外資及陸資,565237,355833,553003,332727,12234,23106,110983,125358,383776,183314,-272793,-57956
2022/5/19,自營商,226749,38834,239959,42245,-13210,-3411,290315,100420,164916,40889,125399,59531
2022/5/19,投信,46,146,1094,1884,-1048,-1738,17470,42564,25507,72116,-8037,-29552
2022/5/19,外資及陸資,415342,361467,428635,375220,-13293,-13753,121304,120714,407618,191308,-286314,-70594
2022/5/20,自營商,245338,38477,225218,42115,20120,-3638,312733,101673,167163,45133,145570,56540
2022/5/20,投信,546,1752,275,882,271,870,17459,43133,25226,72234,-7767,-29101
2022/5/20,外資及陸資,468579,424477,460834,400895,7745,23582,131924,136913,410460,184193,-278536,-47280
2022/5/23,自營商,322647,52902,325940,52526,-3293,376,325806,101558,183006,44712,142800,56846
2022/5/23,投信,315,966,338,1043,-23,-77,17363,42841,25153,72037,-7790,-29196
2022/5/23,外資及陸資,548242,422534,563694,431846,-15452,-9312,135747,134539,429750,191301,-294003,-56762
2022/5/24,自營商,308094,48733,308491,52641,-397,-3908,329685,100340,187071,48250,142614,52090
2022/5/24,投信,20,64,751,2375,-731,-2311,17257,41933,25778,73046,-8521,-31113
2022/5/24,外資及陸資,511272,352974,509942,352493,1330,481,146189,137330,438841,192580,-292652,-55250
2022/5/25,自營商,459516,69240,435864,68649,23652,591,300582,101745,159998,48758,140584,52987
2022/5/25,投信,54,173,211,666,-157,-493,17047,41616,25725,73488,-8678,-31872
2022/5/25,外資及陸資,578794,388569,567972,383449,10822,5120,153525,159702,438455,210186,-284930,-50484
2022/5/26,自營商,231948,40639,234633,42666,-2685,-2027,319983,102069,182300,51495,137683,50574
2022/5/26,投信,154,492,465,1484,-311,-992,17016,41215,26005,73860,-8989,-32645
2022/5/26,外資及陸資,434773,406690,444771,414089,-9998,-7399,160713,160960,455623,218129,-294910,-57169
2022/5/27,自營商,228262,41612,215966,43697,12296,-2085,339103,103954,188924,54461,150179,49493
2022/5/27,投信,850,2756,358,1148,492,1608,17048,42058,25545,73676,-8497,-31618
2022/5/27,外資及陸資,410337,328136,385617,299921,24720,28215,191369,184449,461514,214456,-270145,-30007
2022/5/30,自營商,297301,46166,301605,43389,-4304,2777,350261,106687,204051,53228,146210,53459
2022/5/30,投信,1716,5658,289,296,1427,5362,17299,43745,24369,70642,-7070,-26897
2022/5/30,外資及陸資,400050,285412,400454,292075,-404,-6663,208143,192134,478688,229361,-270545,-37227
2022/5/31,自營商,332887,49676,319320,55107,13567,-5431,366789,107326,207082,58747,159707,48579
2022/5/31,投信,3011,10036,4,6,3007,10030,19580,51694,23643,68748,-4063,-17054
2022/5/31,外資及陸資,391301,290264,391852,288243,-551,2021,215373,212688,491637,248162,-276264,-35474
2022/6/1,自營商,498178,74180,497487,66226,691,7954,327328,109895,182029,53695,145299,56200
2022/6/1,投信,521,1727,299,993,222,734,19674,51768,23515,68019,-3841,-16251
2022/6/1,外資及陸資,517726,345080,532114,352336,-14388,-7256,209067,217999,494091,260783,-285024,-42784
2022/6/2,自營商,198921,40386,210054,41347,-11133,-961,341011,109192,206816,54367,134195,54825
2022/6/2,投信,76,251,376,1193,-300,-942,19656,51517,23797,68631,-4141,-17114
2022/6/2,外資及陸資,375678,351812,372025,342363,3653,9449,218305,225574,499676,258530,-281371,-32956
2022/6/6,自營商,267370,48762,279955,46582,-12585,2180,340456,111213,218864,54023,121592,57190
2022/6/6,投信,282,936,140,465,142,471,19650,51720,23649,68423,-3999,-16703
2022/6/6,外資及陸資,435981,347200,431637,351384,4344,-4184,224384,219250,501411,256467,-277027,-37217
2022/6/7,自營商,296786,50194,303855,54022,-7069,-3828,349495,109573,234997,56713,114498,52860
2022/6/7,投信,0,0,416,1357,-416,-1357,19468,50687,23883,68603,-4415,-17916
2022/6/7,外資及陸資,433405,330362,440948,338831,-7543,-8469,219661,204240,501078,249658,-281417,-45418
2022/6/8,自營商,422377,55720,392570,61837,29807,-6117,330316,110513,208942,63039,121374,47474
2022/6/8,投信,286,948,67,223,219,725,19654,51861,23850,69250,-4196,-17389
2022/6/8,外資及陸資,458464,294585,435763,275902,22701,18683,231498,220600,494141,247513,-262643,-26913
2022/6/9,自營商,164137,38837,179182,33267,-15045,5570,335893,111866,229394,58999,106499,52867
2022/6/9,投信,114,285,184,510,-70,-225,19601,51488,23867,69034,-4266,-17546
2022/6/9,外資及陸資,324204,268463,326181,278799,-1977,-10336,235777,210134,500391,247168,-264614,-37034
2022/6/10,自營商,246773,53284,248498,55218,-1725,-1934,341673,109455,237127,58945,104546,50510
2022/6/10,投信,2294,2997,2635,4213,-341,-1216,19593,51045,24200,69690,-4607,-18645
2022/6/10,外資及陸資,403249,350879,406420,355831,-3171,-4952,241375,213673,509148,255241,-267773,-41568
2022/6/13,自營商,331872,82841,351303,87668,-19431,-4827,350467,104803,264492,60583,85975,44220
2022/6/13,投信,21691,64066,24201,71282,-2510,-7216,18652,46049,25770,71422,-7118,-25373
2022/6/13,外資及陸資,594400,526495,600132,538101,-5732,-11606,244897,218579,518258,269860,-273361,-51281
2022/6/14,自營商,423179,101477,458112,102065,-34933,-588,348435,102504,296710,58969,51725,43535
2022/6/14,投信,17697,45183,18106,45826,-409,-643,18577,45901,26104,71876,-7527,-25975
2022/6/14,外資及陸資,720133,604441,715753,613305,4380,-8864,260895,227988,529875,288028,-268980,-60040
2022/6/15,自營商,489473,88975,480715,90444,8758,-1469,211530,83068,169412,42797,42118,40271
2022/6/15,投信,1330,2679,845,2072,485,607,19307,46809,25625,72164,-6318,-25355
2022/6/15,外資及陸資,558167,391304,567719,399869,-9552,-8565,136351,127628,351863,200508,-215512,-72880
2022/6/16,自營商,247825,46511,237760,51182,10065,-4671,247543,83561,195490,48081,52053,35480
2022/6/16,投信,2745,8440,500,1488,2245,6952,21888,54401,25961,72581,-4073,-18180
2022/6/16,外資及陸資,466034,435445,467835,437546,-1801,-2101,152714,135817,370083,210000,-217369,-74183
2022/6/17,自營商,261567,59530,280171,55751,-18604,3779,268369,85575,234753,46779,33616,38796
2022/6/17,投信,1890,5695,1168,2636,722,3059,23745,59269,27096,74136,-3351,-14867
2022/6/17,外資及陸資,559576,461875,584880,488473,-25304,-26598,160849,137723,403515,237511,-242666,-99788
2022/6/20,自營商,295863,55800,302634,54504,-6771,1296,286656,87831,259491,48077,27165,39754
2022/6/20,投信,1659,4838,1086,1914,573,2924,25341,63446,28119,75211,-2778,-11765
2022/6/20,外資及陸資,561232,438790,573895,446778,-12663,-7988,168577,144382,423906,250851,-255329,-106469
2022/6/21,自營商,297965,46131,292544,52725,5421,-6594,301324,86815,268245,52597,33079,34218
2022/6/21,投信,3455,10358,10,21,3445,10337,27765,71945,27098,73628,667,-1683
2022/6/21,外資及陸資,451308,293316,444251,300880,7057,-7564,185546,148684,433782,264803,-248236,-116119
2022/6/22,自營商,467918,69925,504368,69960,-36450,-35,261419,81552,241449,48455,19970,33097
2022/6/22,投信,1037,2897,1311,3930,-274,-1033,28431,72171,28038,74860,393,-2689
2022/6/22,外資及陸資,535128,348795,547691,349388,-12563,-593,180881,144316,440475,257727,-259594,-113411
2022/6/23,自營商,293179,67647,314656,71572,-21477,-3925,281915,77840,283095,48132,-1180,29708
2022/6/23,投信,606,1698,492,1465,114,233,29022,73442,28515,75881,507,-2439
2022/6/23,外資及陸資,659413,536497,667311,542542,-7898,-6045,193958,140141,461451,259016,-267493,-118875
2022/6/24,自營商,236284,48005,240735,63503,-4451,-15498,300752,71100,310237,56717,-9485,14383
2022/6/24,投信,922,2583,35,104,887,2479,29534,75479,28140,75460,1394,19
2022/6/24,外資及陸資,542933,436933,533934,425196,8999,11737,202071,136763,451588,244702,-249517,-107939
2022/6/27,自營商,269552,50324,258090,47689,11462,2635,319665,74838,317648,57724,2017,17114
2022/6/27,投信,2342,7104,0,0,2342,7104,30736,80254,27000,73129,3736,7125
2022/6/27,外資及陸資,417044,306379,413340,304667,3704,1712,212970,144253,458777,252387,-245807,-108134
2022/6/28,自營商,258720,43497,288736,48754,-30016,-5257,323084,75768,350717,64147,-27633,11621
2022/6/28,投信,1067,2893,496,1204,571,1689,31703,82722,27396,73941,4307,8781
2022/6/28,外資及陸資,466827,307963,471635,314470,-4808,-6507,216453,138042,467018,251878,-250565,-113836
2022/6/29,自營商,421322,65094,394841,62347,26481,2747,293899,74156,290869,57718,3030,16438
2022/6/29,投信,367,1082,578,1731,-211,-649,31893,82301,27797,74274,4096,8027
2022/6/29,外資及陸資,603545,344505,611638,348015,-8093,-3510,205932,131920,459848,248142,-253916,-116222
2022/6/30,自營商,243312,49441,245740,50824,-2428,-1383,319214,72703,318737,58079,477,14624
2022/6/30,投信,351,138,1962,4424,-1611,-4286,31721,79657,29236,76115,2485,3542
2022/6/30,外資及陸資,493712,399857,502427,398848,-8715,1009,216255,136919,478964,248943,-262709,-112024
2022/7/1,自營商,350063,78943,372009,80781,-21946,-1838,319519,68662,341057,56457,-21538,12205
2022/7/1,投信,615,1652,2468,6986,-1853,-5334,31663,76942,31031,78861,632,-1919
2022/7/1,外資及陸資,724859,585085,696000,569947,28859,15138,233491,142733,467315,235657,-233824,-92924
2022/7/4,自營商,340602,61405,355315,66307,-14713,-4902,328179,67849,364330,60741,-36151,7108
2022/7/4,投信,1485,3449,638,1798,847,1651,31609,76581,30130,76848,1479,-267
2022/7/4,外資及陸資,646202,480133,635144,473693,11058,6440,232194,141371,457933,227216,-225739,-85845
2022/7/5,自營商,390287,67727,399387,67209,-9100,518,342140,70289,387335,62706,-45195,7583
2022/7/5,投信,2046,5413,3218,9137,-1172,-3724,28970,69278,28663,73276,307,-3998
2022/7/5,外資及陸資,645413,397275,654173,405052,-8760,-7777,237794,137059,472240,231208,-234446,-94149
2022/7/6,自營商,482898,69185,489195,70804,-6297,-1619,320059,67287,335911,61675,-15852,5612
2022/7/6,投信,669,1859,3797,10267,-3128,-8408,25813,58906,28634,71217,-2821,-12311
2022/7/6,外資及陸資,799786,483715,790068,466759,9718,16956,230659,135907,454121,210925,-223462,-75018
2022/7/7,自營商,283890,57362,287875,56073,-3985,1289,334364,68940,354006,61667,-19642,7273
2022/7/7,投信,2228,6290,2295,6162,-67,128,23886,54737,26774,67189,-2888,-12452
2022/7/7,外資及陸資,641896,476990,614676,466720,27220,10270,250901,134763,450637,201597,-199736,-66834
2022/7/8,自營商,282129,53068,249502,57890,32627,-4822,358475,69379,345226,66969,13249,2410
2022/7/8,投信,1784,5049,1068,3062,716,1987,22887,52360,25059,62958,-2172,-10598
2022/7/8,外資及陸資,572768,401395,563110,379812,9658,21583,255296,137758,448698,183793,-193402,-46035
2022/7/11,自營商,264593,48062,265242,49547,-649,-1485,370334,69022,357575,68144,12759,878
2022/7/11,投信,1421,3670,2397,6411,-976,-2741,21397,47790,24545,61095,-3148,-13305
2022/7/11,外資及陸資,565768,411488,569802,404487,-4034,7001,257850,134851,455289,173525,-197439,-38674
2022/7/12,自營商,349612,61556,336078,60699,13534,857,393216,69414,367032,67617,26184,1797
2022/7/12,投信,435,381,2585,6323,-2150,-5942,20613,44402,25911,63310,-5298,-18908
2022/7/12,外資及陸資,579635,370840,579250,359245,385,11595,266142,141607,463207,167790,-197065,-26183
2022/7/13,自營商,505328,82748,472968,78039,32360,4709,327434,70934,316027,64330,11407,6604
2022/7/13,投信,1290,3632,163,36,1127,3596,21168,47136,25339,62943,-4171,-15807
2022/7/13,外資及陸資,691089,416377,680661,424025,10428,-7648,253833,138538,448222,173040,-194389,-34502
2022/7/14,自營商,230860,56414,243979,58127,-13119,-1713,333529,69044,335924,64297,-2395,4747
2022/7/14,投信,1165,2825,54,138,1111,2687,21338,47921,24398,61162,-3060,-13241
2022/7/14,外資及陸資,616017,490444,615176,499074,841,-8630,262217,136980,455702,180510,-193485,-43530
2022/7/15,自營商,278882,65073,268277,62554,10605,2519,341309,69751,331462,62206,9847,7545
2022/7/15,投信,3396,5801,3886,6540,-490,-739,19938,44358,23488,58419,-3550,-14061
2022/7/15,外資及陸資,606605,455378,610205,456675,-3600,-1297,260621,130881,460004,176397,-199383,-45516
2022/7/18,自營商,263430,69584,275889,67190,-12459,2394,340316,76760,341875,66777,-1559,9983
2022/7/18,投信,19838,53150,18993,50474,845,2676,20124,45215,22829,56781,-2705,-11566
2022/7/18,外資及陸資,592745,448163,584244,441875,8501,6288,271732,144517,462569,183983,-190837,-39466
2022/7/19,自營商,269004,65536,266965,72171,2039,-6635,355089,70439,354789,67194,300,3245
2022/7/19,投信,17211,39575,17578,40131,-367,-556,19733,44456,22805,56601,-3072,-12145
2022/7/19,外資及陸資,530314,359948,531521,350735,-1207,9213,271760,146692,463738,176786,-191978,-30094
2022/7/20,自營商,401721,85136,407636,78234,-5915,6902,227011,53614,205872,50494,21139,3120
2022/7/20,投信,2058,5707,2329,5417,-271,290,19590,44230,21948,56194,-2358,-11964
2022/7/20,外資及陸資,541245,305540,559777,322938,-18532,-17398,148682,108635,338041,136622,-189359,-27987
2022/7/21,自營商,186701,33407,194299,29311,-7598,4096,245444,57777,231755,50559,13689,7218
2022/7/21,投信,530,1526,75,211,455,1315,19614,44690,21517,55453,-1903,-10763
2022/7/21,外資及陸資,395662,302689,394695,296690,967,5999,172104,117578,360505,140081,-188401,-22503
2022/7/22,自營商,162503,31040,153849,30408,8654,632,267952,58253,245399,50498,22553,7755
2022/7/22,投信,121,342,467,1302,-346,-960,19188,43527,21437,55256,-2249,-11729
2022/7/22,外資及陸資,405954,303260,408918,300201,-2964,3059,181940,117229,373233,136667,-191293,-19438
2022/7/25,自營商,173086,29470,167763,32842,5323,-3372,282000,58532,254039,54207,27961,4325
2022/7/25,投信,1081,3199,4,11,1077,3188,19435,44340,20607,52924,-1172,-8584
2022/7/25,外資及陸資,373359,269866,367799,261046,5560,8820,191142,124226,376829,134508,-185687,-10282
2022/7/26,自營商,212835,35107,221930,37592,-9095,-2485,289706,57173,270783,55492,18923,1681
2022/7/26,投信,15,32,707,1085,-692,-1053,19301,43783,21165,53369,-1864,-9586
2022/7/26,外資及陸資,392427,257533,400335,263957,-7908,-6424,184616,119514,378190,135847,-193574,-16333
2022/7/27,自營商,314109,51383,304134,48486,9975,2897,261107,59143,237516,54651,23591,4492
2022/7/27,投信,221,623,45,122,176,501,19360,44209,21048,53346,-1688,-9137
2022/7/27,外資及陸資,484555,283348,479258,279545,5297,3803,186023,121920,371035,134551,-185012,-12631
2022/7/28,自營商,163770,33912,162834,32075,936,1837,284972,59451,260454,53119,24518,6332
2022/7/28,投信,432,1269,182,539,250,730,19503,44750,20941,53184,-1438,-8434
2022/7/28,外資及陸資,361497,280030,362654,279309,-1157,721,194788,125387,380891,136903,-186103,-11516
2022/7/29,自營商,187611,34445,184779,34445,2832,0,291895,60543,264623,54090,27272,6453
2022/7/29,投信,458,1364,137,334,321,1030,19512,45168,20629,52638,-1117,-7470
2022/7/29,外資及陸資,395627,299683,390898,299744,4729,-61,204775,131349,385999,143320,-181224,-11971
2022/8/1,自營商,170438,31822,165481,32706,4957,-884,302508,59792,270253,54291,32255,5501
2022/8/1,投信,4,3,1145,3113,-1141,-3110,18372,41861,20630,52401,-2258,-10540
2022/8/1,外資及陸資,339192,258002,339019,256696,173,1306,214188,136265,395195,147030,-181007,-10765
2022/8/2,自營商,236649,44000,241396,49549,-4747,-5549,307538,56447,279911,56558,27627,-111
2022/8/2,投信,14,41,730,1856,-716,-1815,17715,39575,20689,51775,-2974,-12200
2022/8/2,外資及陸資,448050,322528,451607,318642,-3557,3886,230007,141013,414567,147584,-184560,-6571
2022/8/3,自營商,350557,51169,338251,48988,12306,2181,301078,57069,248679,55193,52399,1876
2022/8/3,投信,309,903,493,1350,-184,-447,17499,39128,20657,51793,-3158,-12665
2022/8/3,外資及陸資,494629,338938,493663,335997,966,2941,217843,140367,403859,143978,-186016,-3611
2022/8/4,自營商,195264,45513,198369,45515,-3105,-2,314324,60618,265151,58848,49173,1770
2022/8/4,投信,7,5,173,496,-166,-491,17336,38604,20660,51740,-3324,-13136
2022/8/4,外資及陸資,433341,357880,432022,353807,1319,4073,233637,151723,418328,151221,-184691,502
2022/8/5,自營商,195282,38354,198989,36369,-3707,1985,316404,64383,270883,60633,45521,3750
2022/8/5,投信,894,2673,507,1520,387,1153,16865,38136,19802,50434,-2937,-12298
2022/8/5,外資及陸資,373014,276758,354532,267958,18482,8800,251639,169484,417573,160198,-165934,9286
2022/8/8,自營商,159248,33914,184433,30325,-25185,3589,312848,64822,292478,57643,20370,7179
2022/8/8,投信,137,279,107,275,30,4,16899,38018,19806,50272,-2907,-12254
2022/8/8,外資及陸資,322661,224716,340031,249702,-17370,-24986,238560,145408,421862,161025,-183302,-15617
2022/8/9,自營商,228891,43258,219993,47016,8898,-3758,323902,65879,294492,62688,29410,3191
2022/8/9,投信,64,190,200,535,-136,-345,16754,37770,19797,50419,-3043,-12649
2022/8/9,外資及陸資,394356,264697,379091,250669,15265,14028,249208,158525,417189,160105,-167981,-1580
2022/8/10,自營商,253858,48902,270563,48175,-16705,727,281001,62943,261360,59398,19641,3545
2022/8/10,投信,13,29,366,1083,-353,-1054,16691,37214,20087,50802,-3396,-13588
2022/8/10,外資及陸資,384846,226126,400443,248433,-15597,-22307,232539,146015,420021,169490,-187482,-23475
2022/8/11,自營商,238018,47238,248663,44920,-10645,2318,295201,68681,286415,62596,8786,6085
2022/8/11,投信,723,2158,178,494,545,1664,16681,37976,19532,50179,-2851,-12203
2022/8/11,外資及陸資,446649,287106,403972,257812,42677,29294,267167,161360,411961,155689,-144794,5671
2022/8/12,自營商,193795,40792,193029,41512,766,-720,302944,69959,293227,64512,9717,5447
2022/8/12,投信,2535,3506,2455,3207,80,299,16490,37665,19261,49644,-2771,-11979
2022/8/12,外資及陸資,401295,262851,401666,268004,-371,-5153,265520,158408,410685,157938,-145165,470
2022/8/15,自營商,245812,63915,231319,61788,14493,2127,319271,72046,293098,64220,26173,7826
2022/8/15,投信,15479,42751,16875,46870,-1396,-4119,14777,32908,18944,49095,-4167,-16187
2022/8/15,外資及陸資,449426,308466,454904,309637,-5478,-1171,275905,176756,426542,177427,-150637,-671
2022/8/16,自營商,215024,60958,201480,65944,13544,-4986,333660,68802,293743,65863,39917,2939
2022/8/16,投信,14843,35553,14319,33689,524,1864,15208,34748,18851,49116,-3643,-14368
2022/8/16,外資及陸資,446975,326419,443548,323579,3427,2840,277776,173903,425018,171590,-147242,2313
2022/8/17,自營商,280539,71530,272326,68313,8213,3217,208179,50764,171237,54419,36942,-3655
2022/8/17,投信,1254,3114,1212,2989,42,125,14747,34276,18727,49133,-3980,-14857
2022/8/17,外資及陸資,404648,234363,407791,233026,-3143,1337,149043,134150,287247,129160,-138204,4990
2022/8/18,自營商,125256,29158,141752,31140,-16496,-1982,222834,51310,202237,57040,20597,-5730
2022/8/18,投信,2,6,257,614,-255,-608,14597,33835,18832,49244,-4235,-15409
2022/8/18,外資及陸資,270033,218526,285670,229541,-15637,-11015,155943,131898,309688,137753,-153745,-5855
2022/8/19,自營商,126482,26573,125928,29891,554,-3318,235712,51547,214377,60489,21335,-8942
2022/8/19,投信,3,9,11,13,-8,-4,14586,33899,18829,49351,-4243,-15452
2022/8/19,外資及陸資,295411,217380,299418,210285,-4007,7095,165049,134011,322786,132862,-157737,1149
2022/8/22,自營商,147241,26688,164428,30771,-17187,-4083,238378,51141,234030,64035,4348,-12894
2022/8/22,投信,4,12,695,2067,-691,-2055,14177,32295,19111,49623,-4934,-17328
2022/8/22,外資及陸資,295039,198471,306655,209871,-11616,-11400,168873,128762,334497,138780,-165624,-10018
2022/8/23,自營商,188181,37691,205661,35121,-17480,2570,235608,52314,248568,62640,-12960,-10326
2022/8/23,投信,135,406,474,1418,-339,-1012,14180,31978,19453,50145,-5273,-18167
2022/8/23,外資及陸資,331088,196813,338599,209067,-7511,-12254,172863,121634,346118,143672,-173255,-22038
2022/8/24,自營商,243773,37187,240027,40249,3746,-3062,223983,50295,223628,63583,355,-13288
2022/8/24,投信,9,25,468,1373,-459,-1348,14024,31539,19756,51068,-5732,-19529
2022/8/24,外資及陸資,358807,216952,350044,207749,8763,9203,170712,123188,333443,136000,-162731,-12812
2022/8/25,自營商,148682,33768,155015,33274,-6333,494,235087,51165,241052,64036,-5965,-12871
2022/8/25,投信,261,787,275,789,-14,-2,13791,31159,19537,50865,-5746,-19706
2022/8/25,外資及陸資,274015,217611,274799,222715,-784,-5104,180940,127481,344267,145566,-163327,-18085
2022/8/26,自營商,152858,28107,143873,30005,8985,-1898,246503,51042,243330,65879,3173,-14837
2022/8/26,投信,234,709,341,1012,-107,-303,13522,30508,19375,50610,-5853,-20102
2022/8/26,外資及陸資,288842,209969,285751,203601,3091,6368,181726,123479,341893,135327,-160167,-11848
2022/8/29,自營商,305322,59295,331105,51947,-25783,7348,258139,52137,280705,59258,-22566,-7121
2022/8/29,投信,215,341,1663,3924,-1448,-3583,13398,29416,20699,52540,-7301,-23124
2022/8/29,外資及陸資,483921,356890,485827,354417,-1906,2473,188900,118364,351184,127271,-162284,-8907
2022/8/30,自營商,241867,34236,231114,37794,10753,-3558,265834,53067,277861,63718,-12027,-10651
2022/8/30,投信,190,557,151,451,39,106,13270,29255,20532,52477,-7262,-23222
2022/8/30,外資及陸資,375373,263837,361321,248721,14052,15116,200125,130766,348618,124486,-148493,6280
2022/8/31,自營商,479781,63964,465908,68794,13873,-4830,241397,51906,243887,67405,-2490,-15499
2022/8/31,投信,378,1133,62,178,316,955,13254,29398,20200,51810,-6946,-22412
2022/8/31,外資及陸資,585787,366995,578850,358301,6937,8694,200487,165723,348001,150717,-147514,15006
2022/9/1,自營商,242724,62252,251253,50380,-8529,11872,263647,55888,274655,59177,-11008,-3289
2022/9/1,投信,219,645,842,2467,-623,-1822,13424,29314,20993,53092,-7569,-23778
2022/9/1,外資及陸資,368103,342416,399149,378053,-31046,-35637,198134,149555,376840,170055,-178706,-20500
2022/9/2,自營商,226818,41808,240045,40317,-13227,1491,271874,57199,295963,58759,-24089,-1560
2022/9/2,投信,59,172,377,1087,-318,-915,13466,29170,21353,53634,-7887,-24464
2022/9/2,外資及陸資,403502,323222,411567,333810,-8065,-10588,201808,141255,388558,171996,-186750,-30741
2022/9/5,自營商,281259,38332,266127,42697,15132,-4365,281921,56306,290834,62222,-8913,-5916
2022/9/5,投信,63,184,6,16,57,168,13522,29366,21352,53688,-7830,-24322
2022/9/5,外資及陸資,482180,347377,460618,329172,21562,18205,207753,141896,372976,154434,-165223,-12538
2022/9/6,自營商,215670,35954,217802,36128,-2132,-174,293867,56569,304792,62744,-10925,-6175
2022/9/6,投信,32,94,206,543,-174,-449,13481,29373,21485,54180,-8004,-24807
2022/9/6,外資及陸資,340041,220175,336765,222361,3276,-2186,213182,143926,375123,158626,-161941,-14700
2022/9/7,自營商,381990,66053,437606,61372,-55616,4681,269340,58185,254268,57452,15072,733
2022/9/7,投信,109,313,683,1919,-574,-1606,13567,29091,22145,55031,-8578,-25940
2022/9/7,外資及陸資,517585,313083,535451,333278,-17866,-20195,194581,128637,365099,161603,-170518,-32966
2022/9/8,自營商,206207,39162,185779,39745,20428,-583,296635,61655,261342,61698,35293,-43
2022/9/8,投信,621,1774,68,198,553,1576,13531,29324,21556,54028,-8025,-24704
2022/9/8,外資及陸資,344526,290273,320124,267680,24402,22593,207553,133693,353654,144007,-146101,-10314
2022/9/12,自營商,258792,41636,251212,46734,7580,-5098,315275,60173,272575,65254,42700,-5081
2022/9/12,投信,831,2455,0,0,831,2455,13590,30009,20784,52681,-7194,-22672
2022/9/12,外資及陸資,370146,283941,363554,274965,6592,8976,212367,136816,355400,138329,-143033,-1513
2022/9/13,自營商,194850,34835,187735,37597,7115,-2762,328575,58481,278877,66382,49698,-7901
2022/9/13,投信,295,877,156,464,139,413,13515,29949,20570,52327,-7055,-22378
2022/9/13,外資及陸資,305323,200794,301112,190472,4211,10322,219996,144051,358761,135174,-138765,8877
2022/9/14,自營商,434373,73779,473878,70241,-39505,3538,274945,55190,260130,59484,14815,-4294
2022/9/14,投信,490,969,890,2597,-400,-1628,13661,29740,21116,53292,-7455,-23552
2022/9/14,外資及陸資,542232,336384,547660,346308,-5428,-9924,208377,135012,352556,136188,-144179,-1176
2022/9/15,自營商,195413,44547,195340,43857,73,690,293306,57501,278560,61103,14746,-3602
2022/9/15,投信,150,433,2,6,148,427,13704,29983,21011,53215,-7307,-23232
2022/9/15,外資及陸資,351212,289202,338744,276024,12468,13178,218979,144951,350670,132812,-131691,12139
2022/9/16,自營商,195980,52807,209737,51939,-13757,868,294518,61011,293537,63588,981,-2577
2022/9/16,投信,2191,2694,2929,4415,-738,-1721,13297,28895,21342,53600,-8045,-24705
2022/9/16,外資及陸資,395699,297737,399589,303015,-3890,-5278,222660,143030,358211,136363,-135551,6667
2022/9/19,自營商,239941,52789,249587,54796,-9646,-2007,294276,61215,317009,67714,-22733,-6499
2022/9/19,投信,15812,41844,16196,42466,-384,-622,13034,28453,21463,53665,-8429,-25212
2022/9/19,外資及陸資,470711,371819,478001,381167,-7290,-9348,242657,155966,394524,159771,-151867,-3805
2022/9/20,自營商,270451,63438,261333,64428,9118,-990,294357,59286,308287,67031,-13930,-7745
2022/9/20,投信,14394,34181,14216,33645,178,536,13067,28799,21318,53707,-8251,-24908
2022/9/20,外資及陸資,517370,352716,496442,334260,20928,18456,259036,163622,389955,148885,-130919,14737
2022/9/21,自營商,350014,70732,382890,71955,-32876,-1223,155943,47347,192653,51028,-36710,-3681
2022/9/21,投信,1370,3031,1411,3193,-41,-162,13132,28705,20624,52709,-7492,-24004
2022/9/21,外資及陸資,462453,251519,471053,267959,-8600,-16440,169242,124212,251411,117591,-82169,6621
2022/9/22,自營商,214244,54094,222861,48437,-8617,5657,193886,54029,239291,51994,-45405,2035
2022/9/22,投信,245,698,994,1694,-749,-996,13369,29038,21610,53746,-8241,-24708
2022/9/22,外資及陸資,449295,395614,452510,398137,-3215,-2523,193136,123453,274446,119467,-81310,3986
2022/9/23,自營商,194574,38495,203811,40660,-9237,-2165,211584,54232,266251,54311,-54667,-79
2022/9/23,投信,169,480,228,643,-59,-163,13438,28980,21738,53645,-8300,-24665
2022/9/23,外資及陸資,388629,287766,392484,294798,-3855,-7032,205466,122490,290588,125496,-85122,-3006
2022/9/26,自營商,297815,54311,311264,53684,-13449,627,229672,53938,297827,53488,-68155,450
2022/9/26,投信,236,650,1071,2117,-835,-1467,13571,28642,22706,54147,-9135,-25505
2022/9/26,外資及陸資,510393,352985,513136,368347,-2743,-15362,221176,118201,309032,136190,-87856,-17989
2022/9/27,自營商,252501,42719,265979,42828,-13478,-109,228334,55242,309938,54930,-81604,312
2022/9/27,投信,263,726,149,412,114,314,13702,29107,22723,54392,-9021,-25285
2022/9/27,外資及陸資,480799,318595,474566,318712,6233,-117,238254,118077,319830,136323,-81576,-18246
2022/9/28,自營商,485662,71313,502587,72853,-16925,-1540,204862,55984,260464,57079,-55602,-1095
2022/9/28,投信,235,635,837,2254,-602,-1619,13921,29077,23544,55437,-9623,-26360
2022/9/28,外資及陸資,659842,394448,660029,387865,-187,6583,229925,119279,314917,130539,-84992,-11260
2022/9/29,自營商,252160,43949,247343,45498,4817,-1549,228096,56978,279778,59666,-51682,-2688
2022/9/29,投信,280,757,80,218,200,539,13967,29199,23390,55032,-9423,-25833
2022/9/29,外資及陸資,477024,400408,461175,399364,15849,1044,203907,115688,279521,126013,-75614,-10325
2022/9/30,自營商,267246,51615,277423,50765,-10177,850,227790,56388,289632,58138,-61842,-1750
2022/9/30,投信,660,1236,207,15,453,1221,14176,29463,23146,53826,-8970,-24363
2022/9/30,外資及陸資,526285,389182,537631,394751,-11346,-5569,206145,114020,293102,129937,-86957,-15917
2022/10/3,自營商,290766,48813,283646,47758,7120,1055,248242,58682,302997,59220,-54755,-538
2022/10/3,投信,133,354,450,1191,-317,-837,14290,29560,23577,54596,-9287,-25036
2022/10/3,外資及陸資,502706,361599,507457,362782,-4751,-1183,210806,112531,302492,129608,-91686,-17077
2022/10/4,自營商,272235,43728,272307,43230,-72,498,259120,60817,313897,61013,-54777,-196
2022/10/4,投信,1245,3364,100,1,1145,3363,14524,30835,22666,53049,-8142,-22214
2022/10/4,外資及陸資,435088,286566,422817,284444,12271,2122,221715,123671,301136,138703,-79421,-15032
2022/10/5,自營商,532613,72656,498298,67473,34315,5183,224681,61735,275691,56847,-51010,4888
2022/10/5,投信,973,2683,5,14,968,2669,14818,32182,21992,52085,-7174,-19903
2022/10/5,外資及陸資,553734,313051,533748,281967,19986,31084,220356,139639,285646,123841,-65290,15798
2022/10/6,自營商,211796,42780,217785,39175,-5989,3605,235593,63571,292595,55098,-57002,8473
2022/10/6,投信,174,476,261,724,-87,-248,14562,31607,21823,51842,-7261,-20235
2022/10/6,外資及陸資,382557,289048,395379,307052,-12822,-18004,218997,129889,297121,132093,-78124,-2204
2022/10/7,自營商,209036,33210,209430,38683,-394,-5473,246138,59316,303507,56285,-57369,3031
2022/10/7,投信,392,1071,81,218,311,853,14865,31993,21815,51108,-6950,-19115
2022/10/7,外資及陸資,370594,276032,372955,282396,-2361,-6364,225748,125165,306233,133712,-80485,-8547
2022/10/11,自營商,398044,71645,418920,71486,-20876,159,279460,61913,356446,58523,-76986,3390
2022/10/11,投信,305,276,1998,5229,-1693,-4953,14927,30730,23570,53960,-8643,-23230
2022/10/11,外資及陸資,592682,406007,587068,400274,5614,5733,289003,127092,354302,129782,-65299,-2690
2022/10/12,自營商,514068,62955,519250,65670,-5182,-2715,256859,59031,323626,58392,-66767,639
2022/10/12,投信,22,55,252,659,-230,-604,14799,30353,23672,54152,-8873,-23799
2022/10/12,外資及陸資,672402,380937,655985,382780,16417,-1843,287101,119736,340716,124126,-53615,-4390
2022/10/13,自營商,288827,51886,274993,53646,13834,-1760,279441,58130,332427,59365,-52986,-1235
2022/10/13,投信,133,343,491,1258,-358,-915,14793,29897,24024,54242,-9231,-24345
2022/10/13,外資及陸資,484528,355444,463730,334589,20798,20855,313132,132552,345928,116108,-32796,16444
2022/10/14,自營商,435953,76259,441522,73941,-5569,2318,294864,61199,353033,60233,-58169,966
2022/10/14,投信,4310,6760,2974,3256,1336,3504,15124,31452,23019,52853,-7895,-21401
2022/10/14,外資及陸資,776953,515425,781131,523830,-4178,-8405,321806,130004,358977,121641,-37171,8363
2022/10/17,自營商,405568,84424,423880,85761,-18312,-1337,304284,63767,383086,64015,-78802,-248
2022/10/17,投信,17750,42348,16996,40104,754,2244,16027,33322,23168,52149,-7141,-18827
2022/10/17,外資及陸資,834737,563878,834223,576886,514,-13008,342259,132367,378916,137198,-36657,-4831
2022/10/18,自營商,441104,82364,438213,88505,2891,-6141,307378,64800,382807,71219,-75429,-6419
2022/10/18,投信,14799,32283,20198,46472,-5399,-14189,13235,26272,22391,50598,-9156,-24326
2022/10/18,外資及陸資,668450,433106,665933,422730,2517,10376,363328,141707,397474,135981,-34146,5726
2022/10/19,自營商,546892,97977,571277,95814,-24385,2163,167627,45593,224864,51527,-57237,-5934
2022/10/19,投信,1348,3154,1479,3055,-131,99,13466,26527,22083,50618,-8617,-24091
2022/10/19,外資及陸資,803452,424027,807350,439772,-3898,-15745,211698,108736,231781,100259,-20083,8477
2022/10/20,自營商,288944,45528,283621,48317,5323,-2789,201909,45774,252792,54238,-50883,-8464
2022/10/20,投信,30,77,470,1207,-440,-1130,13433,26322,22490,51424,-9057,-25102
2022/10/20,外資及陸資,541044,408190,526241,396944,14803,11246,236386,113090,241662,93252,-5276,19838
2022/10/21,自營商,265976,44892,257793,45519,8183,-627,222959,46288,265648,55216,-42689,-8928
2022/10/21,投信,32,82,618,1574,-586,-1492,13122,25347,22765,51760,-9643,-26413
2022/10/21,外資及陸資,515537,366407,516487,355488,-950,10919,248075,121385,254304,90941,-6229,30444
2022/10/24,自營商,316856,49664,326115,56051,-9259,-6387,230063,43524,281528,58787,-51465,-15263
2022/10/24,投信,659,1704,66,164,593,1540,13219,25733,22269,50781,-9050,-25048
2022/10/24,外資及陸資,595830,417607,594445,424144,1385,-6537,255007,122227,259691,97956,-4684,24271
2022/10/25,自營商,400424,56354,430992,62955,-30568,-6601,228100,39272,310115,60626,-82015,-21354
2022/10/25,投信,0,0,1068,1953,-1068,-1953,13056,24907,23174,51517,-10118,-26610
2022/10/25,外資及陸資,675000,425824,679016,425678,-4016,146,265035,127223,270138,103423,-5103,23800
2022/10/26,自營商,417329,47940,408509,51080,8820,-3140,206663,34861,275258,59933,-68595,-25072
2022/10/26,投信,773,1958,23,59,750,1899,13122,25187,22490,50016,-9368,-24829
2022/10/26,外資及陸資,553588,309210,531038,287755,22550,21455,270770,141661,260275,95885,10495,45776
2022/10/27,自營商,211788,40786,222903,36274,-11115,4512,215480,37639,295070,58788,-79590,-21149
2022/10/27,投信,832,2141,50,129,782,2012,13297,26044,21883,49283,-8586,-23239
2022/10/27,外資及陸資,397320,307966,396939,318464,381,-10498,277883,143974,266965,107798,10918,36176
2022/10/28,自營商,220873,39716,224638,38454,-3765,1262,226024,38725,309426,58342,-83402,-19617
2022/10/28,投信,0,0,532,1359,-532,-1359,13262,25574,22380,49834,-9118,-24260
2022/10/28,外資及陸資,398092,297081,417524,314110,-19432,-17029,276184,134447,284740,115556,-8556,18891
2022/10/31,自營商,260311,38961,262903,37339,-2592,1622,231795,40336,319060,58899,-87265,-18563
2022/10/31,投信,621,1608,125,306,496,1302,13291,26022,21913,49318,-8622,-23296
2022/10/31,外資及陸資,414221,275317,399149,265282,15072,10035,285294,141806,278725,112398,6569,29408
2022/11/1,自營商,293706,36776,300535,38424,-6829,-1648,240589,40229,334467,60573,-93878,-20344
2022/11/1,投信,345,898,81,209,264,689,13265,26138,21623,48904,-8358,-22766
2022/11/1,外資及陸資,373974,231687,372735,237265,1239,-5578,295918,145804,288140,121629,7778,24175
2022/11/2,自營商,324903,37360,323580,38450,1323,-1090,206390,40252,303564,61851,-97174,-21599
2022/11/2,投信,665,1510,1,1,664,1509,13443,26485,21137,47825,-7694,-21340
2022/11/2,外資及陸資,396048,213947,397255,209918,-1207,4029,288586,146779,276715,118416,11871,28363
2022/11/3,自營商,205050,35379,221519,33443,-16469,1936,221395,41882,334701,61222,-113306,-19340
2022/11/3,投信,182,469,420,864,-238,-395,13433,26402,21365,47928,-7932,-21526
2022/11/3,外資及陸資,354096,281994,367218,289231,-13122,-7237,283275,135433,281886,114517,1389,20916
2022/11/4,自營商,235556,36076,235050,35371,506,705,232078,42066,344563,60734,-112485,-18668
2022/11/4,投信,318,820,0,0,318,820,13492,26697,21106,47515,-7614,-20818
2022/11/4,外資及陸資,378424,258409,375844,256261,2580,2148,291587,142422,287555,119214,4032,23208
2022/11/7,自營商,389602,57197,376083,53111,13519,4086,248392,45038,347535,59952,-99143,-14914
2022/11/7,投信,869,2285,7,19,862,2266,13837,28007,20589,46876,-6752,-18869
2022/11/7,外資及陸資,509519,327754,509896,330413,-377,-2659,297120,145119,293426,124127,3694,20992
2022/11/8,自營商,355267,38975,327946,43294,27321,-4319,266866,43397,338842,62913,-71976,-19516
2022/11/8,投信,513,1343,4,11,509,1332,14035,28741,20278,46437,-6243,-17696
2022/11/8,外資及陸資,387309,212349,394462,212935,-7153,-586,295371,148660,298833,128130,-3462,20530
2022/11/9,自營商,533095,63671,504391,59251,28704,4420,229531,44008,306092,59934,-76561,-15926
2022/11/9,投信,845,2291,60,155,785,2136,14156,29657,19614,45570,-5458,-15913
2022/11/9,外資及陸資,523975,273919,505800,257683,18175,16236,313394,169432,298164,131746,15230,37686
2022/11/10,自營商,234274,41888,255710,36596,-21436,5292,235777,44730,333586,55203,-97809,-10473
2022/11/10,投信,995,2562,753,1912,242,650,15102,31956,20318,47093,-5216,-15137
2022/11/10,外資及陸資,323889,240686,358834,278879,-34945,-38193,292454,139419,312172,140238,-19718,-819
2022/11/11,自營商,524609,79997,487668,82785,36941,-2788,274392,47279,335356,61508,-60964,-14229
2022/11/11,投信,4922,8489,3175,3296,1747,5193,16288,36123,19757,46707,-3469,-10584
2022/11/11,外資及陸資,645959,459115,633883,428697,12076,30418,314889,182400,327481,151488,-12592,30912
2022/11/14,自營商,445363,85213,439971,79367,5392,5846,291695,48673,348416,57145,-56721,-8472
2022/11/14,投信,16663,43526,16498,42937,165,589,17567,39933,20871,49988,-3304,-10055
2022/11/14,外資及陸資,591836,449403,617792,471817,-25956,-22414,316823,185537,355371,176976,-38548,8561
2022/11/15,自營商,633072,117542,598299,97245,34773,20297,342789,66507,364818,55224,-22029,11283
2022/11/15,投信,17219,42282,17770,43513,-551,-1231,18354,43046,22206,54612,-3852,-11566
2022/11/15,外資及陸資,666203,515174,682467,523111,-16264,-7937,321243,204916,371963,203349,-50720,1567
2022/11/16,自營商,731972,112384,712750,121994,19222,-9610,201115,45864,204142,38672,-3027,7192
2022/11/16,投信,679,1596,2160,5835,-1481,-4239,17738,42279,22371,58093,-4633,-15814
2022/11/16,外資及陸資,834280,485271,850602,480328,-16322,4943,172196,142372,257422,136271,-85226,6101
2022/11/17,自營商,269110,35639,291179,38550,-22069,-2911,224303,47269,249300,43016,-24997,4253
2022/11/17,投信,227,650,296,849,-69,-199,17863,42710,22565,58751,-4702,-16041
2022/11/17,外資及陸資,355616,279492,359292,283537,-3676,-4045,185679,142664,274587,140475,-88908,2189
2022/11/18,自營商,384892,52222,368406,55564,16486,-3342,250112,46991,258674,46128,-8562,863
2022/11/18,投信,450,1302,681,1102,-231,200,17683,42062,22616,57852,-4933,-15790
2022/11/18,外資及陸資,536973,394416,543851,381814,-6878,12602,194794,151331,290580,136373,-95786,14958
2022/11/21,自營商,274649,28537,284582,30227,-9933,-1690,256695,47259,275122,48086,-18427,-827
2022/11/21,投信,520,1501,362,1030,158,471,18089,43137,22864,58422,-4775,-15285
2022/11/21,外資及陸資,367776,267406,371159,271298,-3383,-3892,194206,150644,293333,139587,-99127,11057
2022/11/22,自營商,339144,38403,343812,36844,-4668,1559,261316,48248,284709,47590,-23393,658
2022/11/22,投信,603,1749,30,82,573,1667,18496,44556,22698,58253,-4202,-13697
2022/11/22,外資及陸資,357836,228966,359232,230303,-1396,-1337,196916,151781,297439,142040,-100523,9741
2022/11/23,自營商,380754,42683,383716,38209,-2962,4474,216150,49863,238503,44683,-22353,5180
2022/11/23,投信,334,975,10,29,324,946,18543,44982,22421,57824,-3878,-12842
2022/11/23,外資及陸資,397439,219201,393268,218421,4171,780,197535,155952,298576,145217,-101041,10735
2022/11/24,自營商,228731,38547,235218,35833,-6487,2714,244622,55692,273267,47726,-28645,7966
2022/11/24,投信,1641,4255,74,218,1567,4037,19569,47947,21880,56910,-2311,-8963
2022/11/24,外資及陸資,292861,213297,302316,225570,-9455,-12273,206846,159712,317342,161165,-110496,-1453
2022/11/25,自營商,178137,29612,165047,29267,13090,345,259974,58579,275836,50302,-15862,8277
2022/11/25,投信,725,2134,266,783,459,1351,20146,49445,21998,57018,-1852,-7573
2022/11/25,外資及陸資,243510,172872,268861,187431,-25351,-14559,205834,154315,339047,170285,-133213,-15970
2022/11/28,自營商,362057,48359,352633,44488,9424,3871,262985,57694,269520,45573,-6535,12121
2022/11/28,投信,0,0,1467,4244,-1467,-4244,19406,46488,22725,58176,-3319,-11688
2022/11/28,外資及陸資,411900,289579,410420,278401,1480,11178,209139,154462,340935,159277,-131796,-4815
2022/11/29,自營商,441726,41611,435381,45348,6345,-3737,280789,57237,281126,48765,-337,8472
2022/11/29,投信,445,1293,240,701,205,592,19341,46886,22455,58129,-3114,-11243
2022/11/29,外資及陸資,418579,266790,404940,253688,13639,13102,217921,162362,336084,153792,-118163,8570
2022/11/30,自營商,464310,51346,433959,49328,30351,2018,253470,59332,241510,48758,11960,10574
2022/11/30,投信,379,1122,103,305,276,817,19604,48117,22442,58654,-2838,-10537
2022/11/30,外資及陸資,495490,292846,499679,287247,-4189,5599,220538,181768,342559,167550,-122021,14218
2022/12/1,自營商,302100,63459,317304,54738,-15204,8721,276954,70398,279560,50930,-2606,19468
2022/12/1,投信,1729,4732,736,1254,993,3478,21005,52514,22850,59704,-1845,-7190
2022/12/1,外資及陸資,409586,341366,440858,384012,-31272,-42646,212192,159578,365330,187843,-153138,-28265
2022/12/2,自營商,201261,37942,198662,34743,2599,3199,284210,72648,284027,49938,183,22710
2022/12/2,投信,337,1003,932,2771,-595,-1768,21281,52992,23721,61901,-2440,-8909
2022/12/2,外資及陸資,329695,253496,343597,265738,-13902,-12242,213433,161605,380473,202215,-167040,-40610
2022/12/5,自營商,323993,46118,309370,43914,14623,2204,311094,74857,295919,49797,15175,25060
2022/12/5,投信,481,1436,1388,4117,-907,-2681,21556,53967,24903,65578,-3347,-11611
2022/12/5,外資及陸資,383864,299015,386646,290670,-2782,8345,217823,168563,387645,201010,-169822,-32447
2022/12/6,自營商,337405,46643,347314,47129,-9909,-486,313038,74744,307268,50585,5770,24159
2022/12/6,投信,39,115,772,2226,-733,-2111,21536,53044,25370,65868,-3834,-12824
2022/12/6,外資及陸資,415547,284320,427781,291009,-12234,-6689,215361,158368,393421,196742,-178060,-38374
2022/12/7,自營商,525359,53967,511981,58340,13378,-4373,290361,66700,262343,47329,28018,19371
2022/12/7,投信,160,469,859,2505,-699,-2036,21586,52994,26119,67807,-4533,-14813
2022/12/7,外資及陸資,579800,312473,557536,291944,22264,20529,217521,167480,378439,184765,-160918,-17285
2022/12/8,自營商,236937,41998,246566,40994,-9629,1004,301922,67009,284074,46679,17848,20330
2022/12/8,投信,107,21,541,1560,-434,-1539,21466,52177,26433,68391,-4967,-16214
2022/12/8,外資及陸資,371939,312677,378215,318706,-6276,-6029,217885,160386,385067,183751,-167182,-23365
2022/12/9,自營商,226585,35167,214708,38411,11877,-3244,323812,67472,294256,50184,29556,17288
2022/12/9,投信,831,2439,249,705,582,1734,21662,53559,26047,68283,-4385,-14724
2022/12/9,外資及陸資,356358,281929,341429,266382,14929,15547,223643,161594,375896,169342,-152253,-7748
2022/12/12,自營商,249054,39388,256049,38161,-6995,1227,320891,65756,298574,47396,22317,18360
2022/12/12,投信,164,478,292,832,-128,-354,21767,53412,26280,68366,-4513,-14954
2022/12/12,外資及陸資,393848,300931,394463,301728,-615,-797,226815,162274,379799,170949,-152984,-8675
2022/12/13,自營商,221778,37786,229117,35443,-7339,2343,321211,67935,306479,47342,14732,20593
2022/12/13,投信,136,382,249,720,-113,-338,21891,53514,26517,68738,-4626,-15224
2022/12/13,外資及陸資,318548,238135,329252,254396,-10704,-16261,224605,151831,388282,176470,-163677,-24639
2022/12/14,自營商,545110,67615,528755,68543,16355,-928,297962,72715,279750,53050,18212,19665
2022/12/14,投信,1208,3239,203,586,1005,2653,22882,56843,26503,69621,-3621,-12778
2022/12/14,外資及陸資,590964,407170,575733,400876,15231,6294,229250,164147,381708,182466,-152458,-18319
2022/12/15,自營商,247722,48908,251466,44499,-3744,4409,308231,73120,293181,49033,15050,24087
2022/12/15,投信,937,2473,206,329,731,2144,23256,57945,26146,68581,-2890,-10636
2022/12/15,外資及陸資,372570,321419,371897,318428,673,2991,233059,164707,384844,180115,-151785,-15408
2022/12/16,自營商,367331,74632,357358,71195,9973,3437,316030,76879,291144,49774,24886,27105
2022/12/16,投信,3955,6125,5608,11141,-1653,-5016,22666,55292,27209,70764,-4543,-15472
2022/12/16,外資及陸資,489983,360401,501616,365083,-11633,-4682,234913,157069,398022,177046,-163109,-19977
2022/12/19,自營商,310161,75297,308530,73238,1631,2059,324375,77669,297974,48660,26401,29009
2022/12/19,投信,23775,64909,24232,66189,-457,-1280,22334,54026,27360,70797,-5026,-16771
2022/12/19,外資及陸資,508367,403201,501843,392145,6524,11056,241527,161119,398112,169782,-156585,-8663
2022/12/20,自營商,483638,96135,486553,94082,-2915,2053,328711,77912,303986,47531,24725,30381
2022/12/20,投信,19599,48638,20970,52202,-1371,-3564,22155,52274,28553,72335,-6398,-20061
2022/12/20,外資及陸資,597622,431738,600041,433399,-2419,-1661,240941,164099,399960,173969,-159019,-9870
2022/12/21,自營商,424236,70293,420441,71304,3795,-1011,217450,53646,139444,27177,78006,26469
2022/12/21,投信,1422,3631,1932,4567,-510,-936,21279,51453,28137,72511,-6858,-21058
2022/12/21,外資及陸資,488154,267969,483019,255337,5135,12632,131383,131942,277588,122830,-146205,9112
2022/12/22,自營商,217695,30895,209240,26961,8455,3934,258477,59985,171406,29229,87071,30756
2022/12/22,投信,640,1822,563,1010,77,812,21279,52243,28060,72801,-6781,-20558
2022/12/22,外資及陸資,286055,211502,281585,201540,4470,9962,154573,143870,296314,124824,-141741,19046
2022/12/23,自營商,236459,35245,249120,33521,-12661,1724,266031,62760,191485,30557,74546,32203
2022/12/23,投信,18,47,980,2779,-962,-2732,20403,49072,28146,72095,-7743,-23023
2022/12/23,外資及陸資,345969,251957,360959,265543,-14990,-13586,148372,130835,305154,125547,-156782,5288
2022/12/26,自營商,197766,23728,191301,23171,6465,557,275520,64122,194763,31321,80757,32801
2022/12/26,投信,16,46,190,541,-174,-495,20304,48964,28221,72570,-7917,-23606
2022/12/26,外資及陸資,245690,185217,245772,180448,-82,4769,149971,134716,306841,124416,-156870,10300
2022/12/27,自營商,237994,24302,234425,25393,3569,-1091,283368,64713,198916,32825,84452,31888
2022/12/27,投信,742,2123,301,863,441,1260,20633,50121,28109,72566,-7476,-22445
2022/12/27,外資及陸資,193726,131831,193729,131320,-3,511,153938,135923,310802,125134,-156864,10789
2022/12/28,自營商,376488,40838,404811,38899,-28323,1939,249412,65260,164949,32111,84463,33149
2022/12/28,投信,3,8,1083,3050,-1080,-3042,20338,48616,28894,73799,-8556,-25183
2022/12/28,外資及陸資,363385,217448,371279,224425,-7894,-6977,145178,129513,311001,125658,-165823,3855
2022/12/29,自營商,197242,30650,198185,30825,-943,-175,258977,64581,175470,31711,83507,32870
2022/12/29,投信,20,56,1038,2909,-1018,-2853,19478,45932,29052,73827,-9574,-27895
2022/12/29,外資及陸資,302498,233052,294542,231032,7956,2020,153493,126629,311360,120931,-157867,5698
2022/12/30,自營商,217162,24569,208065,27005,9097,-2436,269302,63791,176661,33257,92641,30534
2022/12/30,投信,328,927,506,1430,-178,-503,19023,44987,28775,73588,-9752,-28601
2022/12/30,外資及陸資,259827,198141,246123,176277,13704,21864,160470,137522,304633,109818,-144163,27704
2023/1/3,自營商,420973,50428,426639,49264,-5666,1164,279241,64784,192218,32618,87023,32166
2023/1/3,投信,1314,3730,1926,5473,-612,-1743,17154,39970,27518,70493,-10364,-30523
2023/1/3,外資及陸資,424807,289976,422080,297742,2727,-7766,163658,133130,304989,113110,-141331,20020
2023/1/4,自營商,401594,43304,413508,42442,-11914,862,251408,65691,185551,32701,65857,32990
2023/1/4,投信,1944,5517,1354,3848,590,1669,15813,36080,25587,64891,-9774,-28811
2023/1/4,外資及陸資,442070,249781,449944,260167,-7874,-10386,155537,121357,304952,111558,-149415,9799
2023/1/5,自營商,203966,42112,199329,39051,4637,3061,270170,70050,199579,33830,70591,36220
2023/1/5,投信,809,2284,876,2218,-67,66,15087,34199,24928,63104,-9841,-28905
2023/1/5,外資及陸資,310149,275474,300623,264350,9526,11124,164206,130078,304095,109152,-139889,20926
2023/1/6,自營商,242365,37433,231687,40344,10678,-2911,293375,70449,212536,36857,80839,33592
2023/1/6,投信,841,2410,50,144,791,2266,15053,34286,24103,61080,-9050,-26794
2023/1/6,外資及陸資,304372,230961,291872,231490,12500,-529,183094,138957,310483,118576,-127389,20381
2023/1/9,自營商,439286,55851,441945,53096,-2659,2755,300908,72790,222700,35467,78208,37323
2023/1/9,投信,1788,4619,300,1,1488,4618,15373,35567,22935,58482,-7562,-22915
2023/1/9,外資及陸資,463038,302116,457114,304912,5924,-2796,197379,149929,322765,131256,-125386,18673
2023/1/10,自營商,375893,47953,379945,47181,-4052,772,315638,74548,241241,36344,74397,38204
2023/1/10,投信,685,2015,83,224,602,1791,15757,36829,22717,58024,-6960,-21195
2023/1/10,外資及陸資,406336,245493,423529,259957,-17193,-14464,193144,136552,333101,132196,-139957,4356
2023/1/11,自營商,371282,41313,389506,40582,-18224,731,247311,73410,198154,34401,49157,39009
2023/1/11,投信,61,180,136,402,-75,-222,15734,36722,22769,58112,-7035,-21390
2023/1/11,外資及陸資,426627,210208,441616,228264,-14989,-18056,171766,124193,325169,137797,-153403,-13604
2023/1/12,自營商,156824,35793,163513,36489,-6689,-696,254210,74953,211689,36697,42521,38256
2023/1/12,投信,445,1169,300,733,145,436,15743,36696,22633,57612,-6890,-20916
2023/1/12,外資及陸資,252218,211713,260725,211026,-8507,687,171409,121637,333319,134420,-161910,-12783
2023/1/13,自營商,269072,62497,249953,68026,19119,-5529,271483,71593,209536,38772,61947,32821
2023/1/13,投信,3312,5222,3441,5604,-129,-382,15471,36077,22490,57468,-7019,-21391
2023/1/13,外資及陸資,434396,398607,422295,375829,12101,22778,189214,146107,339059,136199,-149845,9908
2023/1/16,自營商,199048,60207,196792,58669,2256,1538,276483,77598,212638,43002,63845,34596
2023/1/16,投信,20627,54659,20296,53679,331,980,15623,36784,22311,57351,-6688,-20567
2023/1/16,外資及陸資,361063,311956,362147,317378,-1084,-5422,197235,153769,348170,149038,-150935,4731
2023/1/17,自營商,166824,45709,166761,47970,63,-2261,288085,76966,224124,44624,63961,32342
2023/1/17,投信,12156,32136,12872,33995,-716,-1859,14917,34463,22321,56879,-7404,-22416
2023/1/17,外資及陸資,286676,270383,288219,271637,-1543,-1254,196203,153496,348684,150143,-152481,3353
2023/1/30,自營商,364767,67084,347166,78116,17601,-11032,191015,61817,139021,35398,51994,26419
2023/1/30,投信,2365,6934,608,1410,1757,5524,14840,36147,19737,53853,-4897,-17706
2023/1/30,外資及陸資,333399,283275,315011,277016,18388,6259,126753,133610,266088,138662,-139335,-5052
2023/1/31,自營商,266911,37060,294694,41610,-27783,-4550,215253,61724,190739,40095,24514,21629
2023/1/31,投信,144,397,1132,2235,-988,-1838,14660,35069,20545,54392,-5885,-19323
2023/1/31,外資及陸資,280479,223540,303832,251929,-23353,-28389,131270,124289,293955,157597,-162685,-33308
2023/2/1,自營商,307313,40468,301615,38158,5698,2310,214947,64740,180262,40644,34685,24096
2023/2/1,投信,195,600,260,799,-65,-199,14485,34792,20435,54460,-5950,-19668
2023/2/1,外資及陸資,372774,221950,359202,209935,13572,12015,141576,126286,290779,147903,-149203,-21617
2023/2/2,自營商,237027,45944,231409,43674,5618,2270,242022,68966,201458,42091,40564,26875
2023/2/2,投信,745,2319,153,165,592,2154,14922,36608,20280,54379,-5358,-17771
2023/2/2,外資及陸資,337281,297751,338090,282602,-809,15149,150877,138116,300889,144907,-150012,-6791
2023/2/3,自營商,214736,36601,204614,39076,10122,-2475,257653,67875,206997,43595,50656,24280
2023/2/3,投信,107,334,242,748,-135,-414,14787,36191,20280,54380,-5493,-18189
2023/2/3,外資及陸資,322563,266489,333638,267237,-11075,-748,151360,135867,312447,143207,-161087,-7340
2023/2/6,自營商,244105,43223,264561,41884,-20456,1339,255836,68410,225023,43039,30813,25371
2023/2/6,投信,109,177,488,1502,-379,-1325,14742,35625,20614,54935,-5872,-19310
2023/2/6,外資及陸資,362769,296479,376259,309920,-13490,-13441,155516,131625,330090,152162,-174574,-20537
2023/2/7,自營商,281084,40393,280325,39499,759,894,265519,68761,233506,42537,32013,26224
2023/2/7,投信,67,53,72,222,-5,-169,14752,35628,20629,55093,-5877,-19465
2023/2/7,外資及陸資,351346,229962,354932,229331,-3586,631,159009,130186,333446,150047,-174437,-19861
2023/2/8,自營商,386991,64403,360263,63238,26728,1165,244155,73393,207758,45730,36397,27663
2023/2/8,投信,451,1096,280,561,171,535,14695,35630,20401,54824,-5706,-19194
2023/2/8,外資及陸資,419111,281367,400133,256119,18978,25248,170540,154943,324422,149592,-153882,5351
2023/2/9,自營商,165604,34864,176625,34526,-11021,338,251227,71578,226505,43549,24722,28029
2023/2/9,投信,21,17,401,1157,-380,-1140,14377,34681,20463,55009,-6086,-20328
2023/2/9,外資及陸資,265691,219787,274188,228441,-8497,-8654,172893,145324,335272,148721,-162379,-3397
2023/2/10,自營商,267450,59777,251833,61054,15617,-1277,269707,68723,229384,42093,40323,26630
2023/2/10,投信,2607,3586,2837,4321,-230,-735,14269,34286,20585,55321,-6316,-21035
2023/2/10,外資及陸資,368177,313845,371863,310484,-3686,3361,174941,154707,341006,154522,-166065,185
2023/2/13,自營商,289229,81254,292808,76039,-3579,5215,292840,75136,254697,43411,38143,31725
2023/2/13,投信,17610,50156,18093,51665,-483,-1509,14101,33625,20900,56112,-6799,-22487
2023/2/13,外資及陸資,421806,377267,420397,376750,1409,517,176904,159460,341551,158567,-164647,893
2023/2/14,自營商,286779,68667,269156,74633,17623,-5966,309843,74722,253217,48646,56626,26076
2023/2/14,投信,13681,35089,13548,34638,133,451,14185,34206,20851,56427,-6666,-22221
2023/2/14,外資及陸資,365510,316544,358101,310961,7409,5583,182935,145318,340155,139014,-157220,6304
2023/2/15,自營商,534706,117627,589372,109803,-54666,7824,194539,62432,177450,39045,17089,23387
2023/2/15,投信,713,1483,1524,3864,-811,-2381,13734,32186,20775,56388,-7041,-24202
2023/2/15,外資及陸資,556384,377270,573123,399273,-16739,-22003,136006,112225,267387,118334,-131381,-6109
2023/2/16,自營商,221512,40479,211649,45230,9863,-4751,226202,63685,200268,44791,25934,18894
2023/2/16,投信,457,1409,205,482,252,927,13610,32151,20399,55708,-6789,-23557
2023/2/16,外資及陸資,309090,268323,284454,234183,24636,34140,170470,139851,280845,111705,-110375,28146
2023/2/17,自營商,226981,36710,237407,38515,-10426,-1805,236320,63193,220669,46229,15651,16964
2023/2/17,投信,29,90,913,2803,-884,-2713,12721,29173,20394,55282,-7673,-26109
2023/2/17,外資及陸資,321702,261493,330534,263227,-8832,-1734,176466,134517,295700,108277,-119234,26240
2023/2/20,自營商,241462,35973,235629,33517,5833,2456,246769,67586,225417,48046,21352,19540
2023/2/20,投信,176,540,105,326,71,214,12631,29049,20233,55088,-7602,-26039
2023/2/20,外資及陸資,293329,218156,293233,213775,96,4381,188345,140481,307483,109653,-119138,30828
2023/2/21,自營商,181118,27977,183322,25967,-2204,2010,253241,69719,234029,48257,19212,21462
2023/2/21,投信,28,87,104,13,-76,74,12654,29125,20332,55096,-7678,-25971
2023/2/21,外資及陸資,211776,140952,219599,145577,-7823,-4625,186987,136973,313954,110892,-126967,26081
2023/2/22,自營商,363885,47163,374560,50952,-10675,-3789,231916,69534,215676,52238,16240,17296
2023/2/22,投信,150,308,150,457,0,-149,12585,28610,20263,54475,-7678,-25865
2023/2/22,外資及陸資,378590,243645,383187,242289,-4597,1356,175551,137376,311650,109827,-136099,27549
2023/2/23,自營商,266674,55139,257858,54343,8816,796,252978,76436,228778,58141,24200,18295
2023/2/23,投信,432,1348,100,312,332,1036,12589,29050,19940,54277,-7351,-25227
2023/2/23,外資及陸資,317807,271650,297091,260699,20716,10951,199337,151735,314720,112686,-115383,39049
2023/2/24,自營商,232249,40360,238091,40528,-5842,-168,254638,74019,235972,56064,18666,17955
2023/2/24,投信,5,16,402,1245,-397,-1229,12362,28221,20110,54583,-7748,-26362
2023/2/24,外資及陸資,323562,255532,335375,272009,-11813,-16477,194826,137325,322022,114546,-127196,22779
2023/3/1,自營商,409735,62741,418054,52439,-8319,10302,236256,79644,226971,51322,9285,28322
2023/3/1,投信,91,275,88,273,3,2,12390,28336,20135,54701,-7745,-26365
2023/3/1,外資及陸資,407215,258059,416928,262034,-9713,-3975,192619,135147,321410,116436,-128791,18711
2023/3/2,自營商,199207,37029,202076,39563,-2869,-2534,246142,80147,239712,54423,6430,25724
2023/3/2,投信,41,126,122,379,-81,-253,12362,28234,20188,54847,-7826,-26613
2023/3/2,外資及陸資,293554,257705,292159,254221,1395,3484,199887,140236,327283,118106,-127396,22130
2023/3/3,自營商,217382,38305,200680,41851,16702,-3546,270762,81851,247863,59459,22899,22392
2023/3/3,投信,230,557,161,35,69,522,12412,28350,20169,54565,-7757,-26215
2023/3/3,外資及陸資,321221,250238,317604,252731,3617,-2493,209942,143067,333721,123549,-123779,19518
2023/3/6,自營商,282571,46170,290625,46935,-8054,-765,273629,82076,258807,60242,14822,21834
2023/3/6,投信,624,1968,261,665,363,1303,12421,28823,19815,54001,-7394,-25178
2023/3/6,外資及陸資,350579,253242,348044,257320,2535,-4078,214399,141541,335634,125982,-121235,15559
2023/3/7,自營商,243470,38679,235175,41923,8295,-3244,290695,84358,267593,65679,23102,18679
2023/3/7,投信,280,884,590,1319,-310,-435,11995,27878,19699,53659,-7704,-25781
2023/3/7,外資及陸資,299685,205489,289994,193158,9691,12331,225659,152799,337209,124838,-111550,27961
2023/3/8,自營商,344150,54779,382370,51320,-38220,3459,227147,80085,259298,58229,-32151,21856
2023/3/8,投信,142,446,283,888,-141,-442,11972,27643,19817,53721,-7845,-26078
2023/3/8,外資及陸資,408567,258141,426617,283639,-18050,-25498,210002,132606,326820,129949,-116818,2657
2023/3/9,自營商,173533,37915,177211,38497,-3678,-582,236275,81356,272185,60047,-35910,21309
2023/3/9,投信,21,66,29,89,-8,-23,11966,27597,19819,53668,-7853,-26071
2023/3/9,外資及陸資,275724,235405,285988,239984,-10264,-4579,209350,135949,336432,137928,-127082,-1979
2023/3/10,自營商,350603,73924,359131,72580,-8528,1344,250366,86610,294121,64375,-43755,22235
2023/3/10,投信,2455,3568,3610,6747,-1155,-3179,11865,27042,20873,55816,-9008,-28774
2023/3/10,外資及陸資,443481,346797,452054,359808,-8573,-13011,214786,128691,343883,143531,-129097,-14840
2023/3/13,自營商,397293,117090,385829,120004,11464,-2914,263153,76732,295490,57388,-32337,19344
2023/3/13,投信,15530,44349,14935,42455,595,1894,11949,27349,20362,54298,-8413,-26949
2023/3/13,外資及陸資,607613,569130,594682,545224,12931,23906,229391,141881,345355,132914,-115964,8967
2023/3/14,自營商,429361,105415,446358,101621,-16997,3794,264691,84107,313680,61271,-48989,22836
2023/3/14,投信,12385,31451,13023,33331,-638,-1880,12048,27336,21099,55845,-9051,-28509
2023/3/14,外資及陸資,581872,495205,607030,516243,-25158,-21038,219717,123686,360866,135872,-141149,-12186
2023/3/15,自營商,475016,86393,469932,88650,5084,-2257,158574,63351,183781,46220,-25207,17131
2023/3/15,投信,2038,5802,519,560,1519,5242,12576,31192,20714,55729,-8138,-24537
2023/3/15,外資及陸資,564628,357490,554237,351001,10391,6489,154339,109305,244746,114572,-90407,-5267
2023/3/16,自營商,331683,56025,336277,57508,-4594,-1483,182916,65843,212609,50234,-29693,15609
2023/3/16,投信,387,873,412,945,-25,-72,12750,31521,20913,55975,-8163,-24454
2023/3/16,外資及陸資,452982,417470,450384,419425,2598,-1955,171687,107704,259592,114766,-87905,-7062
2023/3/17,自營商,258580,50025,247484,47336,11096,2689,203735,66201,222606,47680,-18871,18521
2023/3/17,投信,624,1921,120,353,504,1568,12851,32220,20510,55397,-7659,-23177
2023/3/17,外資及陸資,371570,333233,351716,307007,19854,26226,192490,128036,260535,109006,-68045,19030
2023/3/20,自營商,211677,36289,226601,34450,-14924,1839,204301,70163,237893,49895,-33592,20268
2023/3/20,投信,16,49,556,1691,-540,-1642,12312,30503,20511,55268,-8199,-24765
2023/3/20,外資及陸資,313921,265250,333270,281800,-19349,-16550,184597,114054,271989,111608,-87392,2446
2023/3/21,自營商,317642,45068,305885,43671,11757,1397,219456,68825,241636,47082,-22180,21743
2023/3/21,投信,147,449,116,359,31,90,12339,30750,20507,55556,-8168,-24806
2023/3/21,外資及陸資,352543,289312,344928,279440,7615,9872,193299,120477,273166,108055,-79867,12422
2023/3/22,自營商,415427,50904,380469,50018,34958,886,174062,69515,201957,46532,-27895,22983
2023/3/22,投信,1190,3566,172,370,1018,3196,12952,33033,20102,55069,-7150,-22036
2023/3/22,外資及陸資,371415,264028,356437,235805,14978,28223,202846,150629,274736,109477,-71890,41152
2023/3/23,自營商,261946,47438,263415,46959,-1469,479,193512,70107,222753,46462,-29241,23645
2023/3/23,投信,729,2296,124,386,605,1910,13632,35435,20177,55733,-6545,-20298
2023/3/23,外資及陸資,341587,322898,339174,325203,2413,-2305,212472,159379,282195,119999,-69723,39380
2023/3/24,自營商,231745,38138,228235,39192,3510,-1054,202641,71926,228856,49204,-26215,22722
2023/3/24,投信,1334,3931,9,17,1325,3914,14747,38857,19967,55347,-5220,-16490
2023/3/24,外資及陸資,352490,285437,369287,305361,-16797,-19924,212931,147536,299448,128009,-86517,19527
2023/3/27,自營商,237198,41410,250487,39191,-13289,2219,211636,73407,250897,48667,-39261,24740
2023/3/27,投信,496,1568,127,400,369,1168,15178,39994,20029,55221,-4851,-15227
2023/3/27,外資及陸資,325826,267822,355264,301579,-29438,-33757,199618,123174,310689,137365,-111071,-14191
2023/3/28,自營商,281018,39629,283886,42055,-2868,-2426,218090,72858,260167,50704,-42077,22154
2023/3/28,投信,427,1314,514,1613,-87,-299,15458,40495,20396,55887,-4938,-15392
2023/3/28,外資及陸資,351844,279219,357863,283464,-6019,-4245,201623,119222,318475,137463,-116852,-18241
2023/3/29,自營商,307676,38384,298382,37427,9294,957,179077,71673,214238,48386,-35161,23287
2023/3/29,投信,26,61,67,211,-41,-150,15419,40480,20398,56072,-4979,-15592
2023/3/29,外資及陸資,336447,233992,321017,218886,15430,15106,203844,127966,306418,131066,-102574,-3100
2023/3/30,自營商,179306,34679,179753,34023,-447,656,193226,71962,228974,47936,-35748,24026
2023/3/30,投信,408,1291,1023,3236,-615,-1945,14527,37870,20121,55485,-5594,-17615
2023/3/30,外資及陸資,235480,230601,226336,220083,9144,10518,212204,134980,305634,127650,-93430,7330
2023/3/31,自營商,200038,40015,201294,39370,-1256,645,206271,74096,243213,49350,-36942,24746
2023/3/31,投信,54,171,326,1034,-272,-863,14343,37392,20209,55917,-5866,-18525
2023/3/31,外資及陸資,269565,236105,268078,245280,1487,-9175,217601,131977,309544,133791,-91943,-1814
2023/4/6,自營商,281736,39954,287872,42770,-6136,-2816,191181,72744,229002,51010,-37821,21734
2023/4/6,投信,11,35,545,1694,-534,-1659,14031,36175,20431,56241,-6400,-20066
2023/4/6,外資及陸資,300364,231350,298440,220560,1924,10790,217753,140110,304829,131077,-87076,9033
2023/4/7,自營商,151874,27657,152402,27804,-528,-147,204504,73884,242642,52276,-38138,21608
2023/4/7,投信,163,516,49,155,114,361,14036,36307,20322,56077,-6286,-19770
2023/4/7,外資及陸資,210842,176155,209347,176929,1495,-774,221836,140390,307417,132151,-85581,8239
2023/4/10,自營商,169226,30812,166829,26821,2397,3991,215232,76341,250550,50759,-35318,25582
2023/4/10,投信,54,171,1,1,53,170,14087,36541,20320,56179,-6233,-19638
2023/4/10,外資及陸資,184625,150042,187000,149493,-2375,549,227365,144337,315321,135583,-87956,8754
2023/4/11,自營商,305023,46883,291629,52582,13394,-5699,230829,74141,253456,54171,-22627,19970
2023/4/11,投信,498,1584,1058,2566,-560,-982,13314,34241,20107,54945,-6793,-20704
2023/4/11,外資及陸資,319867,250790,311614,240951,8253,9839,241836,153150,321527,134515,-79691,18635
2023/4/12,自營商,264710,37743,283443,32382,-18733,5361,186303,77602,245385,52492,-59082,25110
2023/4/12,投信,41,105,473,1506,-432,-1401,12887,32850,20115,54961,-7228,-22111
2023/4/12,外資及陸資,258437,177136,264707,185637,-6270,-8501,232146,143222,315703,132959,-83557,10263
2023/4/13,自營商,229414,49812,227411,48902,2003,910,200626,78316,257570,52424,-56944,25892
2023/4/13,投信,236,589,773,2432,-537,-1843,12603,31731,20368,55532,-7765,-23801
2023/4/13,外資及陸資,345198,292508,360644,301028,-15446,-8520,231613,140798,330616,139029,-99003,1769
2023/4/14,自營商,267066,52142,233776,54615,33290,-2473,224337,76191,248043,52559,-23706,23632
2023/4/14,投信,2163,3493,1808,2361,355,1132,12638,32103,20048,54972,-7410,-22869
2023/4/14,外資及陸資,384617,308068,361635,280785,22982,27283,253498,172694,329519,143563,-76021,29131
2023/4/17,自營商,223686,78911,246637,72735,-22951,6176,221285,82498,269005,52687,-47720,29811
2023/4/17,投信,15072,43888,15620,45612,-548,-1724,12099,30403,20057,55025,-7958,-24622
2023/4/17,外資及陸資,373349,335133,389116,352658,-15767,-17525,242937,162664,334718,151191,-91781,11473
2023/4/18,自營商,274079,74064,267645,79854,6434,-5790,229245,79510,269800,55530,-40555,23980
2023/4/18,投信,14193,37946,14374,38512,-181,-566,12066,30142,20205,55212,-8139,-25070
2023/4/18,外資及陸資,380109,354886,395006,367273,-14897,-12387,239517,155660,346136,156507,-106619,-847
2023/4/19,自營商,355705,79029,372413,79500,-16708,-471,155811,61782,172774,45867,-16963,15915
2023/4/19,投信,612,1434,586,1347,26,87,12135,30665,19948,55498,-7813,-24833
2023/4/19,外資及陸資,366451,246200,385642,260117,-19191,-13917,153354,129490,261296,129631,-107942,-141
2023/4/20,自營商,211732,38835,208215,42970,3517,-4135,173294,61105,187040,49354,-13746,11751
2023/4/20,投信,310,597,521,1004,-211,-407,12241,30542,20265,55716,-8024,-25174
2023/4/20,外資及陸資,307016,273809,294756,256687,12260,17122,171718,136511,267400,119696,-95682,16815
2023/4/21,自營商,276050,45708,277423,44029,-1373,1679,186032,62900,201525,49450,-15493,13450
2023/4/21,投信,75,234,376,1172,-301,-938,12278,30435,20603,56365,-8325,-25930
2023/4/21,外資及陸資,358819,305949,366831,308444,-8012,-2495,182127,142056,285807,127888,-103680,14168
2023/4/24,自營商,218158,33240,213048,35725,5110,-2485,203304,64775,214115,53868,-10811,10907
2023/4/24,投信,159,341,66,204,93,137,12326,30588,20558,56389,-8232,-25801
2023/4/24,外資及陸資,297207,236784,286028,225336,11179,11448,190901,149322,283396,123681,-92495,25641
2023/4/25,自營商,374517,53488,397734,51148,-23217,2340,202940,64675,236795,51542,-33855,13133
2023/4/25,投信,372,1141,552,1689,-180,-548,12648,31133,21060,57102,-8412,-25969
2023/4/25,外資及陸資,359068,254066,389941,289324,-30873,-35258,189485,137963,306225,147526,-116740,-9563
2023/4/26,自營商,374334,47841,388650,50510,-14316,-2669,177736,62421,214725,51835,-36989,10586
2023/4/26,投信,13,40,488,196,-475,-156,12614,31065,21501,57160,-8887,-26095
2023/4/26,外資及陸資,443226,272007,433857,270034,9369,1973,191637,142158,295124,149841,-103487,-7683
2023/4/27,自營商,193454,36519,185902,35137,7552,1382,188031,62990,217494,51090,-29463,11900
2023/4/27,投信,230,694,82,252,148,442,12839,31850,21578,57587,-8739,-25737
2023/4/27,外資及陸資,285357,248900,275927,234413,9430,14487,197180,144193,291237,137340,-94057,6853
2023/4/28,自營商,245587,37749,228998,36853,16589,896,208319,64577,221154,51660,-12835,12917
2023/4/28,投信,590,1825,142,430,448,1395,12849,32182,21140,56768,-8291,-24586
2023/4/28,外資及陸資,303624,254681,294252,243588,9372,11093,200623,149984,290510,132055,-89887,17929
2023/5/2,自營商,272493,45899,269962,47339,2531,-1440,224747,68342,234446,56946,-9699,11396
2023/5/2,投信,174,537,130,336,44,201,12780,32160,21027,56641,-8247,-24481
2023/5/2,外資及陸資,309719,248778,302807,241836,6912,6942,210775,157065,293702,131944,-82927,25121
2023/5/3,自營商,283967,42093,302500,40881,-18533,1212,193136,66222,225954,53724,-32818,12498
2023/5/3,投信,86,267,275,841,-189,-574,12783,32003,21219,56924,-8436,-24921
2023/5/3,外資及陸資,333708,216481,343145,222254,-9437,-5773,202177,152609,292704,133211,-90527,19398
2023/5/4,自營商,180539,36201,183404,36403,-2865,-202,208608,67175,244451,54864,-35843,12311
2023/5/4,投信,219,531,70,218,149,313,12867,32236,21154,56935,-8287,-24699
2023/5/4,外資及陸資,274586,256981,268967,238760,5619,18221,210020,159057,294928,121202,-84908,37855
2023/5/5,自營商,230186,37269,227566,38850,2620,-1581,229098,67930,262220,57170,-33122,10760
2023/5/5,投信,467,1462,60,164,407,1298,13000,32747,20880,56206,-7880,-23459
2023/5/5,外資及陸資,281891,236682,285894,240711,-4003,-4029,212439,157089,301347,123303,-88908,33786
2023/5/8,自營商,252553,32703,249184,32424,3369,279,235379,68232,265592,57149,-30213,11083
2023/5/8,投信,228,712,50,101,178,611,13003,32986,20705,55954,-7702,-22968
2023/5/8,外資及陸資,293331,216818,296150,222208,-2819,-5390,213711,150914,305438,122372,-91727,28542
2023/5/9,自營商,217774,31187,208279,33004,9495,-1817,243250,67837,264341,58537,-21091,9300
2023/5/9,投信,307,913,98,294,209,619,13210,33640,20703,56016,-7493,-22376
2023/5/9,外資及陸資,271220,200602,268017,195555,3203,5047,222217,155384,310738,121719,-88521,33665
2023/5/10,自營商,285368,47438,323564,43303,-38196,4135,208851,70750,266229,57371,-57378,13379
2023/5/10,投信,43,134,194,570,-151,-436,13226,33448,20870,56076,-7644,-22628
2023/5/10,外資及陸資,345579,201282,366203,240588,-20624,-39306,212445,129345,312727,135239,-100282,-5894
2023/5/11,自營商,273695,47599,256325,53559,17370,-5960,226879,69547,266431,62125,-39552,7422
2023/5/11,投信,220,663,296,909,-76,-246,13212,33210,20932,55958,-7720,-22748
2023/5/11,外資及陸資,345421,292202,342503,289394,2918,2808,221837,135925,319204,138877,-97367,-2952
2023/5/12,自營商,269422,51531,280038,52823,-10616,-1292,235103,70080,285525,64102,-50422,5978
2023/5/12,投信,1400,1996,1386,1956,14,40,13226,33210,20932,55896,-7706,-22686
2023/5/12,外資及陸資,429129,298334,418701,293588,10428,4746,230091,140041,317030,138235,-86939,1806
2023/5/15,自營商,243037,58158,232562,66932,10475,-8774,251984,75714,291903,78506,-39919,-2792
2023/5/15,投信,16875,48482,16827,48260,48,222,13283,33328,20941,55805,-7658,-22477
2023/5/15,外資及陸資,434213,352298,423407,332471,10806,19827,246858,173776,322982,151986,-76124,21790
2023/5/16,自營商,345953,72325,324326,81752,21627,-9427,257922,69436,275927,81581,-18005,-12145
2023/5/16,投信,14643,38312,14553,38006,90,306,12913,32509,20481,54962,-7568,-22453
2023/5/16,外資及陸資,445715,352881,415902,304910,29813,47971,259658,192792,310423,122567,-50765,70225
2023/5/17,自營商,540341,106166,518041,111642,22300,-5476,180801,34983,210425,79514,-29624,-44531
2023/5/17,投信,766,1868,810,1034,-44,834,12412,32524,19944,54918,-7532,-22394
2023/5/17,外資及陸資,543769,346644,527658,315137,16111,31507,195366,211475,226087,105076,-30721,106399
2023/5/18,自營商,266987,42765,287386,47115,-20399,-4350,194606,37641,244532,86986,-49926,-49345
2023/5/18,投信,509,675,381,574,128,101,12567,32476,19971,55055,-7404,-22579
2023/5/18,外資及陸資,324686,261237,324493,264619,193,-3382,218757,219820,249285,115540,-30528,104280
2023/5/19,自營商,254534,38989,254279,45086,255,-6097,221635,37751,271529,93562,-49894,-55811
2023/5/19,投信,175,552,235,737,-60,-185,12374,31981,19838,54828,-7464,-22847
2023/5/19,外資及陸資,338405,243698,343158,247009,-4753,-3311,227922,221975,263189,120372,-35267,101603
2023/5/22,自營商,177377,21440,182775,25863,-5398,-4423,227319,37409,282579,97756,-55260,-60347
2023/5/22,投信,300,961,2,6,298,955,12672,32909,19838,54778,-7166,-21869
2023/5/22,外資及陸資,243888,178542,248455,183077,-4567,-4535,233044,222759,272887,125722,-39843,97037
2023/5/23,自營商,240125,28690,237686,34016,2439,-5326,240850,37662,293820,103521,-52970,-65859
2023/5/23,投信,543,843,19,33,524,810,13196,33753,19838,54838,-6642,-21085
2023/5/23,外資及陸資,285824,211496,286391,212956,-567,-1460,240012,231313,280321,135524,-40309,95789
2023/5/24,自營商,328121,42469,335153,41163,-7032,1306,192415,36821,285708,102384,-93293,-65563
2023/5/24,投信,635,1133,361,1156,274,-23,13554,33853,19922,54873,-6368,-21020
2023/5/24,外資及陸資,333959,210297,339001,218508,-5042,-8211,235173,233753,279517,146461,-44344,87292
2023/5/25,自營商,290930,42687,283082,45505,7848,-2818,216111,40273,301440,109510,-85329,-69237
2023/5/25,投信,474,901,271,878,203,23,13538,33458,19703,54645,-6165,-21187
2023/5/25,外資及陸資,360174,311188,354288,303863,5886,7325,253503,243568,292117,148063,-38614,95505
2023/5/26,自營商,339025,49778,331662,48431,7363,1347,238576,42068,317074,111082,-78498,-69014
2023/5/26,投信,552,1802,128,387,424,1415,13505,33883,19246,53985,-5741,-20102
2023/5/26,外資及陸資,392158,317515,384528,304131,7630,13384,269300,255477,300293,144793,-30993,110684
2023/5/29,自營商,343641,49756,364124,42075,-20483,7681,247364,43161,346250,105170,-98886,-62009
2023/5/29,投信,514,1698,75,201,439,1497,13497,34132,18799,52906,-5302,-18774
2023/5/29,外資及陸資,387748,256844,399747,284120,-11999,-27276,272340,250261,315176,165884,-42836,84377
2023/5/30,自營商,268977,28558,259249,34326,9728,-5768,265850,42244,355706,110160,-89856,-67916
2023/5/30,投信,54,179,40,101,14,78,13487,34087,18775,52778,-5288,-18691
2023/5/30,外資及陸資,281139,182289,284618,178911,-3479,3378,275805,257646,322120,169661,-46315,87985
2023/5/31,自營商,576314,63298,579525,61216,-3211,2082,210548,41078,330754,107187,-120206,-66109
2023/5/31,投信,426,1408,300,928,126,480,13600,34304,18762,52411,-5162,-18107
2023/5/31,外資及陸資,592860,343659,601348,353682,-8488,-10023,277407,256922,321982,179588,-44575,77334
2023/6/1,自營商,207823,35151,217561,35828,-9738,-677,224822,41616,355156,108359,-130334,-66743
2023/6/1,投信,155,498,36,67,119,431,13742,34708,18785,52351,-5043,-17643
2023/6/1,外資及陸資,317507,267037,324668,272333,-7161,-5296,283646,255968,335327,184250,-51681,71718
2023/6/2,自營商,283759,45427,281110,43301,2649,2126,240569,45182,368325,110532,-127756,-65350
2023/6/2,投信,751,2503,77,257,674,2246,13936,35871,18305,51531,-4369,-15660
2023/6/2,外資及陸資,354038,269469,345475,263183,8563,6286,296210,270897,339328,191705,-43118,79192
2023/6/5,自營商,317267,40744,310705,41442,6562,-698,260773,43886,382105,109894,-121332,-66008
2023/6/5,投信,152,503,235,772,-83,-269,13743,35166,18195,51057,-4452,-15891
2023/6/5,外資及陸資,353275,251214,362088,264376,-8813,-13162,294436,257703,346367,191855,-51931,65848
2023/6/6,自營商,245890,33976,237417,36126,8473,-2150,276633,45816,389412,114098,-112779,-68282
2023/6/6,投信,43,132,307,1027,-264,-895,13477,34396,18193,51248,-4716,-16852
2023/6/6,外資及陸資,329245,234498,324438,227995,4807,6503,299008,262061,346132,189215,-47124,72846
2023/6/7,自營商,366722,49208,353591,44135,13131,5073,228662,47838,363781,111476,-135119,-63638
2023/6/7,投信,726,2452,94,317,632,2135,13597,35102,17681,49971,-4084,-14869
2023/6/7,外資及陸資,395991,234616,389354,226529,6637,8087,303535,277287,337818,195223,-34283,82064
2023/6/8,自營商,280159,47572,281943,49926,-1784,-2354,246572,44423,383557,109701,-136985,-65278
2023/6/8,投信,109,362,592,1978,-483,-1616,13440,34212,18007,50540,-4567,-16328
2023/6/8,外資及陸資,351384,278695,360503,295165,-9119,-16470,308446,262903,351836,198023,-43390,64880
2023/6/9,自營商,229259,39532,218800,40501,10459,-969,264657,46809,390806,113899,-126149,-67090
2023/6/9,投信,327,1104,308,1005,19,99,13247,33947,17795,50349,-4548,-16402
2023/6/9,外資及陸資,304985,236548,307575,235750,-2590,798,309324,265183,355304,198931,-45980,66252
